284, 49, 0
64, 92, 0
459, 447, 0
301, 165, 0
122, 313, 0
22, 222, 0
16, 427, 0
456, 336, 0
230, 155, 0
464, 281, 0
47, 482, 0
285, 496, 0
307, 439, 0
186, 3, 0
387, 184, 0
480, 442, 0
362, 261, 0
57, 17, 0
375, 129, 0
459, 3, 0
160, 55, 0
148, 147, 0
334, 42, 0
447, 349, 0
366, 430, 0
129, 53, 0
294, 139, 0
150, 431, 0
333, 230, 0
239, 266, 0
319, 178, 0
145, 417, 0
229, 248, 0
43, 113, 0
86, 387, 0
180, 132, 0
199, 114, 0
72, 443, 0
365, 182, 0
335, 46, 0
324, 139, 0
265, 58, 0
142, 63, 0
284, 316, 0
470, 462, 0
131, 216, 0
333, 64, 0
352, 493, 0
333, 439, 0
302, 335, 0
33, 205, 0
225, 405, 0
39, 302, 0
90, 247, 0
55, 422, 0
291, 175, 0
497, 193, 0
284, 311, 0
280, 385, 0
209, 482, 0
203, 242, 0
68, 391, 0
265, 305, 0
353, 232, 0
497, 430, 0
350, 249, 0
223, 467, 0
249, 401, 0
158, 390, 0
350, 151, 0
218, 140, 0
83, 281, 0
229, 85, 0
46, 217, 0
27, 40, 0
38, 33, 0
348, 368, 0
360, 473, 0
136, 385, 0
385, 246, 0
365, 284, 0
34, 241, 0
284, 25, 0
393, 313, 0
266, 447, 0
144, 266, 0
373, 107, 0
359, 375, 0
420, 191, 0
330, 233, 0
367, 262, 0
181, 437, 0
424, 248, 0
477, 280, 0
104, 471, 0
440, 157, 0
135, 58, 0
444, 428, 0
352, 127, 0
216, 439, 0
367, 464, 0
160, 138, 0
244, 403, 0
392, 65, 0
165, 138, 0
70, 317, 0
28, 250, 0
461, 327, 0
472, 31, 0
129, 348, 0
103, 33, 0
188, 447, 0
453, 3, 0
298, 366, 0
119, 437, 0
31, 341, 0
22, 174, 0
278, 177, 0
419, 264, 0
350, 55, 0
273, 282, 0
72, 381, 0
94, 291, 0
271, 478, 0
340, 305, 0
466, 35, 0
395, 246, 0
124, 119, 0
35, 440, 0
6, 83, 0
293, 416, 0
116, 363, 0
179, 104, 0
86, 448, 0
422, 321, 0
400, 102, 0
387, 44, 0
465, 379, 0
54, 471, 0
446, 55, 0
451, 313, 0
338, 139, 0
498, 94, 0
53, 457, 0
99, 252, 0
314, 46, 0
291, 142, 0
482, 347, 0
474, 7, 0
348, 86, 0
78, 20, 0
470, 45, 0
212, 260, 0
98, 441, 0
11, 305, 0
430, 384, 0
454, 35, 0
398, 465, 0
231, 373, 0
17, 86, 0
487, 256, 0
459, 304, 0
396, 500, 0
118, 375, 0
154, 78, 0
253, 65, 0
312, 249, 0
500, 176, 0
41, 213, 0
400, 200, 0
281, 164, 0
239, 165, 0
8, 194, 0
289, 74, 0
479, 243, 0
45, 23, 0
99, 373, 0
377, 23, 0
158, 247, 0
414, 360, 0
398, 280, 0
127, 341, 0
493, 192, 0
424, 67, 0
447, 231, 0
324, 135, 0
86, 56, 0
20, 463, 0
208, 206, 0
23, 472, 0
8, 136, 0
298, 25, 0
126, 388, 0
5, 322, 0
1, 498, 0
64, 288, 0
114, 128, 0
493, 361, 0
467, 215, 0
131, 88, 0
168, 44, 0
117, 143, 0
258, 416, 0
69, 301, 0
30, 289, 0
434, 383, 0
176, 415, 0
425, 330, 0
216, 296, 0
147, 193, 0
115, 89, 0
422, 357, 0
79, 321, 0
51, 77, 0
150, 303, 0
44, 183, 0
269, 472, 0
98, 57, 0
296, 354, 0
248, 162, 0
351, 393, 0
8, 413, 0
71, 65, 0
283, 273, 0
258, 349, 0
249, 402, 0
30, 303, 0
407, 208, 0
413, 336, 0
485, 217, 0
190, 243, 0
440, 266, 0
88, 346, 0
240, 275, 0
348, 166, 0
8, 432, 0
182, 349, 0
267, 373, 0
57, 489, 0
143, 36, 0
76, 467, 0
309, 102, 0
300, 185, 0
43, 256, 0
271, 389, 0
442, 358, 0
199, 428, 0
33, 467, 0
117, 32, 0
327, 423, 0
342, 275, 0
445, 417, 0
392, 268, 0
331, 495, 0
418, 291, 0
25, 212, 0
453, 257, 0
496, 498, 0
51, 358, 0
147, 283, 0
457, 8, 0
31, 18, 0
337, 41, 0
309, 279, 0
63, 241, 0
143, 363, 0
206, 397, 0
376, 169, 0
16, 332, 0
198, 191, 0
154, 448, 0
434, 321, 0
57, 261, 0
85, 229, 0
365, 55, 0
485, 410, 0
60, 1, 0
432, 255, 0
148, 403, 0
435, 345, 0
299, 284, 0
415, 417, 0
424, 233, 0
184, 481, 0
323, 271, 0
490, 349, 0
313, 307, 0
397, 342, 0
165, 173, 0
294, 35, 0
40, 11, 0
179, 140, 0
232, 404, 0
61, 312, 0
473, 497, 0
364, 50, 0
57, 10, 0
177, 420, 0
236, 438, 0
285, 65, 0
24, 246, 0
344, 494, 0
87, 129, 0
318, 416, 0
377, 351, 0
121, 192, 0
110, 90, 0
129, 419, 0
84, 453, 0
53, 493, 0
54, 119, 0
94, 278, 0
435, 84, 0
67, 465, 0
26, 125, 0
475, 205, 0
404, 473, 0
208, 128, 0
425, 9, 0
261, 90, 0
188, 273, 0
51, 192, 0
169, 201, 0
441, 100, 0
377, 499, 0
210, 278, 0
296, 98, 0
400, 372, 0
32, 152, 0
126, 334, 0
298, 289, 0
487, 296, 0
226, 132, 0
274, 129, 0
221, 48, 0
11, 350, 0
463, 364, 0
208, 472, 0
103, 107, 0
425, 454, 0
378, 156, 0
314, 364, 0
255, 485, 0
266, 105, 0
266, 43, 0
473, 140, 0
192, 378, 0
280, 471, 0
95, 491, 0
233, 432, 0
324, 28, 0
471, 485, 0
241, 196, 0
163, 402, 0
402, 32, 0
432, 167, 0
403, 214, 0
486, 445, 0
112, 24, 0
9, 253, 0
329, 277, 0
202, 116, 0
385, 269, 0
43, 441, 0
447, 254, 0
259, 269, 0
414, 216, 0
25, 398, 0
115, 365, 0
18, 184, 0
49, 253, 0
175, 32, 0
142, 258, 0
281, 167, 0
413, 36, 0
384, 139, 0
186, 326, 0
487, 349, 0
491, 141, 0
74, 427, 0
345, 13, 0
158, 108, 0
400, 105, 0
294, 295, 0
476, 399, 0
259, 425, 0
39, 130, 0
281, 192, 0
304, 53, 0
177, 184, 0
227, 41, 0
447, 216, 0
45, 98, 0
173, 451, 0
243, 171, 0
287, 29, 0
57, 352, 0
403, 418, 0
244, 293, 0
404, 209, 0
353, 486, 0
155, 345, 0
378, 386, 0
138, 105, 0
360, 9, 0
336, 134, 0
251, 74, 0
139, 316, 0
233, 41, 0
224, 114, 0
465, 10, 0
329, 254, 0
140, 126, 0
37, 153, 0
292, 392, 0
198, 23, 0
41, 177, 0
37, 464, 0
45, 125, 0
422, 136, 0
92, 451, 0
431, 401, 0
267, 115, 0
174, 474, 0
378, 394, 0
387, 118, 0
434, 28, 0
103, 394, 0
9, 162, 0
71, 394, 0
25, 113, 0
23, 197, 0
26, 303, 0
415, 92, 0
95, 246, 0
8, 240, 0
439, 22, 0
455, 177, 0
96, 70, 0
75, 125, 0
119, 136, 0
468, 480, 0
336, 461, 0
364, 30, 0
467, 184, 0
299, 127, 0
408, 195, 0
78, 112, 0
491, 303, 0
272, 471, 0
133, 360, 0
462, 433, 0
297, 304, 0
201, 227, 0
282, 103, 0
235, 430, 0
26, 373, 0
126, 128, 0
123, 43, 0
445, 269, 0
137, 352, 0
197, 404, 0
122, 335, 0
27, 451, 0
22, 158, 0
329, 82, 0
263, 187, 0
470, 66, 0
256, 31, 0
428, 351, 0
265, 271, 0
41, 244, 0
384, 67, 0
178, 31, 0
280, 487, 0
197, 90, 0
392, 313, 0
69, 79, 0
262, 245, 0
388, 282, 0
17, 424, 0
89, 348, 0
180, 320, 0
315, 460, 0
398, 313, 0
411, 167, 0
443, 200, 0
126, 484, 0
282, 185, 0
403, 231, 0
222, 39, 0
52, 62, 0
58, 49, 0
71, 14, 0
172, 241, 0
254, 252, 0
261, 104, 0
332, 183, 0
372, 385, 0
198, 499, 0
57, 27, 0
498, 481, 0
67, 113, 0
317, 145, 0
350, 113, 0
313, 230, 0
53, 237, 0
300, 324, 0
132, 70, 0
156, 72, 0
133, 184, 0
392, 469, 0
294, 188, 0
70, 50, 0
292, 365, 0
147, 490, 0
31, 396, 0
121, 203, 0
254, 379, 0
456, 184, 0
305, 185, 0
456, 318, 0
342, 180, 0
395, 261, 0
270, 13, 0
82, 256, 0
201, 117, 0
203, 322, 0
232, 470, 0
219, 141, 0
367, 20, 0
361, 213, 0
246, 10, 0
196, 67, 0
46, 164, 0
197, 304, 0
459, 446, 0
385, 237, 0
36, 193, 0
41, 160, 0
199, 238, 0
299, 68, 0
22, 305, 0
447, 375, 0
251, 199, 0
108, 300, 0
397, 190, 0
69, 97, 0
232, 147, 0
415, 60, 0
247, 366, 0
220, 122, 0
28, 60, 0
38, 377, 0
492, 78, 0
68, 174, 0
153, 265, 0
94, 327, 0
342, 394, 0
323, 107, 0
463, 174, 0
403, 131, 0
403, 276, 0
443, 378, 0
311, 56, 0
351, 409, 0
296, 241, 0
186, 365, 0
468, 203, 0
293, 68, 0
197, 429, 0
366, 118, 0
219, 385, 0
431, 160, 0
1, 50, 0
324, 122, 0
436, 241, 0
174, 303, 0
152, 365, 0
398, 71, 0
372, 209, 0
414, 88, 0
193, 215, 0
95, 358, 0
366, 278, 0
129, 164, 0
311, 85, 0
275, 201, 0
360, 387, 0
75, 333, 0
342, 268, 0
346, 294, 0
237, 458, 0
480, 142, 0
289, 186, 0
251, 5, 0
31, 61, 0
242, 48, 0
414, 258, 0
135, 153, 0
456, 38, 0
498, 55, 0
143, 275, 0
89, 482, 0
302, 271, 0
436, 217, 0
193, 273, 0
348, 296, 0
252, 258, 0
77, 41, 0
105, 297, 0
146, 51, 0
72, 126, 0
266, 53, 0
345, 313, 0
101, 129, 0
32, 231, 0
480, 232, 0
108, 370, 0
202, 314, 0
99, 77, 0
284, 12, 0
347, 244, 0
55, 418, 0
223, 317, 0
469, 172, 0
244, 108, 0
98, 362, 0
171, 158, 0
450, 334, 0
475, 52, 0
434, 298, 0
384, 321, 0
435, 422, 0
403, 174, 0
218, 349, 0
408, 353, 0
25, 405, 0
203, 457, 0
479, 388, 0
276, 43, 0
73, 379, 0
51, 447, 0
368, 213, 0
99, 158, 0
255, 325, 0
290, 400, 0
437, 485, 0
202, 67, 0
276, 199, 0
475, 370, 0
358, 294, 0
474, 373, 0
38, 230, 0
276, 95, 0
474, 105, 0
295, 207, 0
403, 222, 0
344, 188, 0
1, 362, 0
429, 427, 0
141, 305, 0
408, 23, 0
134, 131, 0
234, 309, 0
478, 61, 0
74, 483, 0
121, 491, 0
365, 211, 0
462, 363, 0
149, 252, 0
270, 463, 0
390, 389, 0
426, 79, 0
321, 205, 0
141, 218, 0
361, 432, 0
382, 53, 0
460, 268, 0
384, 3, 0
307, 92, 0
311, 352, 0
426, 102, 0
500, 248, 0
478, 103, 0
125, 354, 0
105, 6, 0
187, 90, 0
392, 410, 0
105, 100, 0
141, 64, 0
234, 29, 0
208, 317, 0
424, 73, 0
145, 216, 0
235, 471, 0
239, 444, 0
14, 304, 0
319, 473, 0
32, 85, 0
357, 358, 0
391, 484, 0
160, 208, 0
79, 494, 0
465, 330, 0
68, 137, 0
216, 441, 0
19, 449, 0
339, 254, 0
435, 329, 0
322, 326, 0
297, 360, 0
257, 437, 0
86, 58, 0
462, 232, 0
411, 73, 0
461, 470, 0
8, 128, 0
112, 115, 0
194, 459, 0
440, 185, 0
44, 369, 0
483, 83, 0
97, 187, 0
58, 371, 0
291, 302, 0
435, 79, 0
287, 41, 0
443, 491, 0
321, 349, 0
101, 295, 0
313, 130, 0
391, 89, 0
112, 43, 0
15, 303, 0
45, 157, 0
427, 419, 0
15, 12, 0
425, 311, 0
496, 352, 0
129, 368, 0
252, 412, 0
112, 74, 0
383, 453, 0
435, 91, 0
294, 293, 0
410, 153, 0
249, 439, 0
111, 246, 0
255, 152, 0
472, 343, 0
199, 156, 0
188, 237, 0
359, 51, 0
366, 128, 0
151, 46, 0
303, 17, 0
446, 337, 0
10, 380, 0
61, 296, 0
91, 311, 0
213, 403, 0
141, 235, 0
40, 35, 0
165, 461, 0
281, 51, 0
75, 400, 0
353, 199, 0
120, 13, 0
246, 429, 0
115, 407, 0
438, 462, 0
33, 39, 0
409, 99, 0
92, 137, 0
464, 89, 0
175, 265, 0
482, 235, 0
360, 208, 0
45, 468, 0
413, 374, 0
98, 221, 0
245, 473, 0
323, 12, 0
90, 293, 0
86, 266, 0
374, 352, 0
358, 388, 0
131, 121, 0
285, 70, 0
450, 500, 0
457, 446, 0
165, 208, 0
121, 7, 0
53, 498, 0
481, 468, 0
34, 489, 0
411, 453, 0
280, 120, 0
112, 465, 0
228, 492, 0
433, 387, 0
9, 51, 0
327, 83, 0
445, 462, 0
491, 301, 0
228, 342, 0
424, 341, 0
175, 416, 0
422, 413, 0
447, 354, 0
475, 256, 0
369, 243, 0
362, 24, 0
207, 78, 0
141, 404, 0
276, 22, 0
33, 20, 0
224, 235, 0
324, 441, 0
447, 168, 0
165, 432, 0
67, 199, 0
343, 379, 0
498, 225, 0
441, 341, 0
59, 87, 0
320, 448, 0
138, 498, 0
68, 45, 0
383, 154, 0
125, 459, 0
139, 436, 0
124, 48, 0
389, 165, 0
389, 421, 0
336, 403, 0
460, 64, 0
206, 418, 0
61, 37, 0
18, 432, 0
374, 46, 0
260, 83, 0
20, 4, 0
309, 256, 0
5, 264, 0
206, 22, 0
448, 115, 0
309, 8, 0
252, 103, 0
254, 184, 0
88, 234, 0
57, 301, 0
264, 60, 0
18, 204, 0
384, 45, 0
143, 467, 0
346, 480, 0
378, 363, 0
422, 168, 0
125, 232, 0
26, 82, 0
315, 235, 0
188, 44, 0
221, 140, 0
172, 245, 0
242, 381, 0
58, 489, 0
218, 296, 0
446, 261, 0
233, 213, 0
468, 72, 0
152, 176, 0
151, 272, 0
245, 406, 0
202, 60, 0
283, 22, 0
341, 70, 0
22, 153, 0
330, 58, 0
236, 286, 0
203, 95, 0
114, 328, 0
389, 343, 0
90, 490, 0
292, 497, 0
65, 100, 0
350, 282, 0
266, 422, 0
118, 473, 0
2, 214, 0
229, 56, 0
247, 118, 0
375, 469, 0
3, 423, 0
445, 353, 0
215, 172, 0
203, 89, 0
349, 389, 0
337, 110, 0
403, 357, 0
27, 35, 0
113, 418, 0
2, 134, 0
333, 241, 0
147, 124, 0
87, 104, 0
39, 468, 0
289, 213, 0
49, 462, 0
399, 334, 0
302, 461, 0
419, 477, 0
311, 93, 0
223, 87, 0
50, 275, 0
63, 428, 0
468, 241, 0
314, 351, 0
423, 382, 0
293, 289, 0
235, 32, 0
83, 231, 0
171, 67, 0
445, 57, 0
261, 5, 0
305, 213, 0
396, 49, 0
387, 305, 0
79, 58, 0
404, 155, 0
342, 14, 0
83, 307, 0
197, 367, 0
435, 466, 0
481, 489, 0
38, 18, 0
196, 33, 0
199, 237, 0
489, 243, 0
454, 464, 0
68, 323, 0
82, 165, 0
296, 23, 0
106, 17, 0
430, 145, 0
317, 84, 0
444, 283, 0
471, 30, 0
496, 321, 0
500, 104, 0
29, 302, 0
123, 296, 0
171, 80, 0
417, 447, 0
158, 278, 0
229, 361, 0
263, 48, 0
404, 186, 0
133, 117, 0
343, 359, 0
426, 276, 0
280, 63, 0
326, 50, 0
378, 302, 0
27, 492, 0
169, 373, 0
155, 263, 0
117, 128, 0
69, 216, 0
68, 216, 0
286, 393, 0
82, 172, 0
236, 194, 0
169, 79, 0
389, 317, 0
491, 261, 0
490, 395, 0
108, 360, 0
208, 183, 0
330, 409, 0
336, 416, 0
194, 336, 0
322, 138, 0
448, 149, 0
160, 418, 0
360, 445, 0
188, 57, 0
93, 69, 0
305, 171, 0
217, 345, 0
80, 245, 0
58, 254, 0
478, 140, 0
270, 350, 0
299, 113, 0
37, 389, 0
249, 496, 0
480, 310, 0
203, 168, 0
444, 223, 0
97, 25, 0
18, 142, 0
265, 20, 0
202, 160, 0
56, 271, 0
478, 256, 0
51, 378, 0
211, 78, 0
394, 46, 0
96, 438, 0
206, 490, 0
148, 53, 0
92, 364, 0
274, 147, 0
489, 274, 0
352, 314, 0
377, 445, 0
340, 330, 0
108, 71, 0
216, 66, 0
271, 9, 0
466, 240, 0
146, 140, 0
159, 417, 0
78, 302, 0
169, 268, 0
494, 140, 0
398, 117, 0
303, 52, 0
57, 182, 0
285, 22, 0
241, 478, 0
354, 395, 0
289, 198, 0
406, 10, 0
100, 153, 0
161, 225, 0
220, 172, 0
260, 375, 0
135, 295, 0
22, 182, 0
145, 31, 0
95, 453, 0
85, 9, 0
164, 193, 0
356, 116, 0
202, 273, 0
247, 351, 0
22, 354, 0
42, 198, 0
282, 488, 0
494, 459, 0
329, 200, 0
208, 124, 0
193, 443, 0
493, 125, 0
454, 234, 0
308, 87, 0
251, 383, 0
406, 38, 0
495, 483, 0
260, 73, 0
470, 54, 0
74, 355, 0
23, 325, 0
313, 397, 0
371, 493, 0
471, 201, 0
177, 187, 0
246, 366, 0
228, 269, 0
357, 162, 0
1, 323, 0
23, 466, 0
31, 249, 0
206, 256, 0
225, 326, 0
423, 13, 0
55, 94, 0
266, 275, 0
325, 353, 0
76, 110, 0
218, 127, 0
485, 76, 0
292, 492, 0
372, 463, 0
458, 277, 0
437, 438, 0
387, 353, 0
319, 60, 0
417, 371, 0
387, 432, 0
287, 153, 0
197, 67, 0
247, 254, 0
122, 361, 0
489, 66, 0
287, 462, 0
140, 330, 0
474, 98, 0
282, 163, 0
31, 439, 0
453, 435, 0
152, 94, 0
213, 119, 0
293, 438, 0
493, 236, 0
404, 57, 0
9, 457, 0
142, 275, 0
22, 271, 0
324, 256, 0
393, 316, 0
241, 89, 0
319, 175, 0
304, 90, 0
371, 149, 0
438, 219, 0
148, 32, 0
398, 415, 0
470, 7, 0
17, 482, 0
339, 366, 0
101, 327, 0
357, 325, 0
429, 8, 0
275, 277, 0
212, 198, 0
460, 228, 0
71, 378, 0
445, 394, 0
285, 438, 0
345, 80, 0
14, 402, 0
49, 256, 0
139, 235, 0
102, 139, 0
194, 333, 0
71, 251, 0
282, 217, 0
464, 22, 0
271, 154, 0
87, 420, 0
124, 306, 0
267, 201, 0
425, 265, 0
179, 62, 0
431, 145, 0
131, 130, 0
207, 253, 0
194, 26, 0
260, 179, 0
98, 43, 0
333, 498, 0
85, 312, 0
251, 469, 0
100, 242, 0
11, 366, 0
43, 364, 0
157, 443, 0
492, 160, 0
222, 383, 0
294, 173, 0
356, 311, 0
174, 51, 0
336, 403, 0
280, 44, 0
299, 303, 0
49, 449, 0
234, 438, 0
28, 469, 0
385, 118, 0
40, 171, 0
2, 232, 0
393, 136, 0
436, 175, 0
131, 239, 0
195, 88, 0
400, 161, 0
119, 288, 0
184, 181, 0
486, 97, 0
459, 24, 0
450, 192, 0
136, 331, 0
140, 344, 0
290, 117, 0
42, 364, 0
185, 177, 0
200, 83, 0
238, 117, 0
336, 69, 0
151, 92, 0
3, 487, 0
498, 195, 0
72, 288, 0
405, 50, 0
176, 482, 0
276, 467, 0
196, 292, 0
114, 112, 0
376, 42, 0
49, 277, 0
216, 263, 0
274, 434, 0
341, 44, 0
218, 283, 0
301, 225, 0
228, 463, 0
44, 312, 0
439, 82, 0
148, 283, 0
311, 385, 0
324, 407, 0
317, 1, 0
121, 20, 0
376, 436, 0
477, 356, 0
123, 497, 0
54, 51, 0
139, 472, 0
20, 122, 0
37, 273, 0
147, 151, 0
95, 434, 0
368, 181, 0
157, 72, 0
285, 209, 0
405, 275, 0
92, 208, 0
446, 165, 0
397, 105, 0
33, 240, 0
13, 43, 0
482, 225, 0
472, 16, 0
133, 214, 0
338, 57, 0
311, 125, 0
198, 87, 0
491, 7, 0
203, 491, 0
179, 215, 0
233, 110, 0
236, 182, 0
328, 351, 0
105, 273, 0
200, 381, 0
405, 435, 0
454, 110, 0
11, 233, 0
346, 130, 0
220, 408, 0
314, 199, 0
28, 29, 0
23, 488, 0
117, 437, 0
438, 33, 0
241, 308, 0
151, 362, 0
162, 408, 0
78, 75, 0
153, 391, 0
307, 53, 0
181, 9, 0
180, 106, 0
290, 28, 0
405, 137, 0
94, 259, 0
37, 281, 0
423, 202, 0
260, 444, 0
299, 496, 0
1, 56, 0
242, 7, 0
403, 433, 0
203, 129, 0
103, 466, 0
22, 183, 0
61, 386, 0
352, 127, 0
444, 199, 0
375, 187, 0
419, 105, 0
25, 126, 0
231, 310, 0
266, 132, 0
327, 286, 0
52, 221, 0
204, 375, 0
300, 167, 0
173, 387, 0
457, 43, 0
26, 60, 0
151, 299, 0
169, 266, 0
246, 495, 0
354, 132, 0
382, 398, 0
174, 378, 0
17, 245, 0
387, 267, 0
315, 138, 0
323, 374, 0
286, 59, 0
242, 19, 0
289, 122, 0
377, 480, 0
483, 384, 0
357, 219, 0
50, 465, 0
189, 463, 0
244, 31, 0
374, 9, 0
291, 277, 0
381, 493, 0
101, 109, 0
6, 171, 0
24, 145, 0
76, 300, 0
345, 62, 0
436, 367, 0
282, 158, 0
32, 20, 0
186, 419, 0
169, 308, 0
433, 359, 0
316, 324, 0
258, 107, 0
399, 104, 0
89, 376, 0
352, 48, 0
489, 216, 0
156, 452, 0
375, 250, 0
18, 41, 0
121, 478, 0
201, 493, 0
199, 196, 0
360, 483, 0
220, 261, 0
402, 41, 0
285, 47, 0
35, 392, 0
318, 277, 0
386, 66, 0
342, 426, 0
491, 340, 0
466, 285, 0
124, 182, 0
225, 162, 0
69, 47, 0
191, 240, 0
354, 269, 0
312, 75, 0
451, 434, 0
153, 132, 0
359, 302, 0
146, 225, 0
404, 173, 0
190, 243, 0
426, 181, 0
356, 276, 0
486, 41, 0
83, 289, 0
371, 426, 0
298, 120, 0
38, 267, 0
443, 351, 0
183, 64, 0
97, 429, 0
356, 327, 0
115, 478, 0
289, 70, 0
80, 31, 0
113, 289, 0
498, 308, 0
96, 41, 0
257, 210, 0
62, 456, 0
97, 241, 0
129, 191, 0
462, 279, 0
435, 273, 0
19, 208, 0
168, 69, 0
30, 164, 0
91, 155, 0
217, 143, 0
39, 414, 0
463, 475, 0
484, 498, 0
321, 257, 0
328, 261, 0
211, 52, 0
338, 267, 0
467, 322, 0
209, 306, 0
13, 294, 0
310, 57, 0
462, 449, 0
24, 85, 0
471, 497, 0
80, 367, 0
500, 185, 0
134, 297, 0
303, 386, 0
119, 263, 0
195, 321, 0
146, 362, 0
435, 25, 0
157, 103, 0
429, 392, 0
200, 135, 0
15, 354, 0
86, 435, 0
253, 408, 0
320, 136, 0
251, 132, 0
296, 233, 0
170, 158, 0
146, 124, 0
28, 100, 0
361, 368, 0
453, 436, 0
165, 151, 0
74, 470, 0
61, 57, 0
244, 97, 0
166, 329, 0
408, 211, 0
235, 84, 0
270, 460, 0
435, 281, 0
352, 136, 0
249, 310, 0
235, 241, 0
135, 42, 0
306, 157, 0
455, 36, 0
2, 182, 0
273, 253, 0
114, 75, 0
430, 259, 0
367, 67, 0
346, 272, 0
283, 348, 0
438, 402, 0
285, 270, 0
298, 373, 0
281, 135, 0
217, 15, 0
98, 466, 0
404, 484, 0
240, 416, 0
99, 461, 0
299, 196, 0
112, 12, 0
440, 188, 0
122, 322, 0
390, 105, 0
213, 394, 0
22, 186, 0
37, 346, 0
276, 380, 0
93, 451, 0
225, 175, 0
75, 306, 0
367, 414, 0
362, 225, 0
396, 363, 0
271, 22, 0
463, 488, 0
344, 74, 0
215, 104, 0
494, 131, 0
110, 63, 0
155, 244, 0
335, 54, 0
190, 457, 0
98, 404, 0
411, 287, 0
189, 25, 0
127, 361, 0
427, 292, 0
456, 458, 0
436, 236, 0
385, 211, 0
30, 277, 0
174, 2, 0
237, 161, 0
355, 88, 0
363, 162, 0
443, 280, 0
340, 173, 0
231, 429, 0
480, 262, 0
81, 310, 0
325, 89, 0
321, 146, 0
409, 488, 0
399, 311, 0
297, 443, 0
171, 416, 0
53, 420, 0
449, 222, 0
489, 5, 0
240, 239, 0
488, 153, 0
458, 354, 0
71, 70, 0
370, 420, 0
120, 16, 0
419, 232, 0
214, 454, 0
421, 487, 0
281, 359, 0
431, 415, 0
348, 6, 0
32, 241, 0
335, 167, 0
66, 490, 0
166, 449, 0
149, 119, 0
61, 116, 0
12, 425, 0
29, 304, 0
338, 132, 0
290, 96, 0
472, 20, 0
226, 61, 0
124, 31, 0
208, 284, 0
371, 366, 0
95, 335, 0
380, 150, 0
17, 65, 0
109, 255, 0
238, 132, 0
82, 203, 0
106, 7, 0
464, 282, 0
482, 102, 0
348, 474, 0
376, 333, 0
133, 147, 0
153, 95, 0
164, 297, 0
190, 219, 0
452, 493, 0
199, 196, 0
107, 35, 0
442, 474, 0
493, 433, 0
435, 488, 0
239, 273, 0
316, 283, 0
199, 460, 0
186, 289, 0
82, 107, 0
361, 332, 0
298, 349, 0
161, 309, 0
427, 95, 0
105, 144, 0
198, 220, 0
348, 386, 0
266, 164, 0
227, 450, 0
143, 271, 0
78, 387, 0
336, 316, 0
67, 35, 0
40, 44, 0
253, 109, 0
86, 78, 0
458, 191, 0
283, 364, 0
93, 270, 0
100, 459, 0
167, 288, 0
176, 274, 0
453, 16, 0
352, 257, 0
406, 26, 0
263, 201, 0
184, 330, 0
10, 219, 0
182, 91, 0
325, 462, 0
159, 381, 0
482, 258, 0
405, 228, 0
342, 227, 0
181, 428, 0
275, 407, 0
36, 374, 0
355, 48, 0
288, 461, 0
36, 330, 0
46, 101, 0
456, 149, 0
51, 409, 0
207, 40, 0
85, 332, 0
171, 196, 0
140, 75, 0
92, 53, 0
58, 438, 0
470, 288, 0
328, 409, 0
189, 414, 0
251, 202, 0
331, 209, 0
328, 484, 0
4, 187, 0
108, 364, 0
239, 344, 0
136, 388, 0
261, 58, 0
277, 228, 0
41, 165, 0
171, 97, 0
379, 461, 0
392, 162, 0
401, 183, 0
112, 339, 0
72, 264, 0
104, 250, 0
57, 296, 0
270, 439, 0
252, 106, 0
485, 232, 0
304, 347, 0
426, 391, 0
409, 325, 0
490, 269, 0
247, 394, 0
448, 351, 0
268, 207, 0
343, 180, 0
113, 59, 0
90, 386, 0
421, 256, 0
381, 20, 0
78, 362, 0
207, 26, 0
273, 456, 0
162, 170, 0
293, 143, 0
292, 297, 0
208, 125, 0
371, 220, 0
186, 267, 0
55, 441, 0
85, 232, 0
489, 139, 0
130, 182, 0
400, 105, 0
360, 66, 0
112, 106, 0
49, 272, 0
470, 431, 0
311, 201, 0
191, 282, 0
262, 394, 0
218, 480, 0
105, 254, 0
317, 157, 0
443, 227, 0
120, 131, 0
168, 190, 0
172, 61, 0
445, 345, 0
267, 151, 0
39, 339, 0
301, 200, 0
393, 163, 0
233, 360, 0
188, 465, 0
14, 132, 0
280, 127, 0
76, 202, 0
211, 67, 0
303, 366, 0
118, 111, 0
381, 67, 0
384, 213, 0
433, 375, 0
414, 349, 0
32, 371, 0
265, 374, 0
249, 59, 0
127, 492, 0
354, 199, 0
489, 493, 0
69, 179, 0
231, 465, 0
309, 333, 0
278, 449, 0
137, 208, 0
122, 245, 0
395, 260, 0
215, 162, 0
279, 85, 0
282, 124, 0
7, 109, 0
58, 227, 0
495, 47, 0
122, 249, 0
254, 478, 0
55, 344, 0
359, 272, 0
389, 238, 0
446, 216, 0
142, 11, 0
411, 494, 0
276, 198, 0
106, 130, 0
348, 252, 0
126, 174, 0
489, 406, 0
416, 330, 0
414, 187, 0
47, 431, 0
436, 395, 0
121, 212, 0
244, 270, 0
216, 482, 0
497, 84, 0
200, 326, 0
207, 329, 0
74, 242, 0
207, 46, 0
350, 349, 0
455, 480, 0
3, 435, 0
406, 133, 0
426, 28, 0
149, 105, 0
237, 312, 0
325, 18, 0
186, 117, 0
181, 488, 0
497, 283, 0
241, 420, 0
348, 130, 0
477, 40, 0
449, 349, 0
63, 445, 0
358, 145, 0
416, 205, 0
320, 400, 0
82, 292, 0
434, 53, 0
111, 390, 0
10, 42, 0
138, 377, 0
6, 66, 0
211, 38, 0
53, 28, 0
385, 458, 0
121, 289, 0
384, 380, 0
269, 246, 0
234, 130, 0
215, 190, 0
279, 144, 0
431, 324, 0
356, 463, 0
404, 156, 0
64, 465, 0
77, 72, 0
203, 214, 0
345, 53, 0
260, 38, 0
104, 264, 0
14, 103, 0
5, 136, 0
444, 323, 0
296, 14, 0
341, 167, 0
237, 337, 0
204, 296, 0
196, 480, 0
393, 109, 0
292, 305, 0
144, 426, 0
7, 203, 0
331, 496, 0
471, 152, 0
46, 442, 0
479, 445, 0
272, 416, 0
2, 16, 0
357, 263, 0
4, 249, 0
379, 271, 0
472, 417, 0
311, 357, 0
277, 203, 0
28, 355, 0
398, 228, 0
23, 426, 0
50, 499, 0
54, 374, 0
352, 346, 0
331, 310, 0
252, 76, 0
218, 136, 0
10, 160, 0
415, 100, 0
136, 66, 0
225, 141, 0
272, 281, 0
344, 252, 0
8, 490, 0
442, 218, 0
337, 69, 0
166, 48, 0
32, 215, 0
161, 138, 0
355, 35, 0
197, 397, 0
313, 321, 0
68, 106, 0
305, 347, 0
134, 221, 0
45, 66, 0
10, 350, 0
112, 15, 0
203, 296, 0
220, 17, 0
34, 320, 0
182, 425, 0
87, 413, 0
476, 488, 0
448, 370, 0
426, 15, 0
250, 471, 0
362, 379, 0
71, 110, 0
5, 359, 0
119, 26, 0
454, 45, 0
336, 463, 0
173, 259, 0
236, 354, 0
18, 188, 0
385, 122, 0
149, 194, 0
483, 272, 0
166, 329, 0
46, 403, 0
187, 146, 0
440, 329, 0
149, 431, 0
7, 311, 0
264, 100, 0
408, 156, 0
475, 350, 0
335, 302, 0
443, 259, 0
343, 345, 0
349, 478, 0
418, 464, 0
434, 54, 0
402, 37, 0
315, 403, 0
116, 329, 0
226, 88, 0
329, 94, 0
396, 252, 0
63, 407, 0
23, 12, 0
114, 318, 0
496, 190, 0
104, 284, 0
173, 313, 0
360, 357, 0
109, 28, 0
94, 494, 0
96, 4, 0
356, 97, 0
182, 478, 0
225, 248, 0
69, 430, 0
363, 219, 0
2, 491, 0
356, 180, 0
430, 168, 0
281, 61, 0
174, 197, 0
426, 325, 0
381, 303, 0
475, 279, 0
474, 253, 0
101, 392, 0
353, 36, 0
274, 359, 0
415, 234, 0
241, 96, 0
122, 363, 0
185, 63, 0
84, 320, 0
361, 12, 0
309, 169, 0
386, 88, 0
372, 183, 0
50, 145, 0
345, 75, 0
352, 106, 0
97, 114, 0
242, 238, 0
99, 266, 0
170, 196, 0
211, 98, 0
6, 189, 0
462, 271, 0
23, 286, 0
45, 6, 0
287, 457, 0
455, 434, 0
115, 279, 0
426, 242, 0
8, 352, 0
42, 496, 0
28, 234, 0
268, 363, 0
361, 343, 0
66, 207, 0
325, 447, 0
361, 11, 0
273, 439, 0
445, 126, 0
496, 301, 0
141, 139, 0
377, 372, 0
385, 271, 0
438, 107, 0
356, 313, 0
379, 330, 0
20, 58, 0
401, 428, 0
322, 191, 0
259, 133, 0
396, 129, 0
108, 400, 0
177, 144, 0
385, 270, 0
247, 312, 0
214, 499, 0
24, 344, 0
44, 145, 0
207, 40, 0
485, 199, 0
219, 482, 0
136, 386, 0
190, 485, 0
168, 420, 0
236, 136, 0
108, 378, 0
227, 34, 0
189, 404, 0
43, 438, 0
500, 129, 0
195, 333, 0
32, 97, 0
19, 348, 0
319, 492, 0
241, 37, 0
301, 355, 0
258, 438, 0
22, 282, 0
82, 450, 0
442, 185, 0
484, 83, 0
99, 224, 0
193, 413, 0
298, 271, 0
196, 93, 0
374, 498, 0
475, 450, 0
398, 234, 0
80, 21, 0
451, 157, 0
171, 327, 0
91, 248, 0
233, 137, 0
421, 496, 0
118, 463, 0
253, 351, 0
25, 39, 0
93, 397, 0
148, 394, 0
197, 311, 0
279, 285, 0
332, 67, 0
65, 177, 0
380, 210, 0
454, 383, 0
376, 268, 0
480, 292, 0
421, 334, 0
197, 234, 0
206, 285, 0
359, 378, 0
118, 282, 0
151, 342, 0
257, 286, 0
212, 165, 0
312, 406, 0
332, 373, 0
93, 137, 0
109, 440, 0
498, 162, 0
342, 488, 0
461, 300, 0
441, 434, 0
153, 60, 0
113, 462, 0
37, 478, 0
417, 302, 0
2, 443, 0
483, 52, 0
96, 183, 0
459, 406, 0
449, 224, 0
260, 445, 0
298, 353, 0
169, 66, 0
55, 429, 0
482, 306, 0
386, 403, 0
126, 88, 0
190, 470, 0
257, 121, 0
177, 353, 0
295, 87, 0
267, 198, 0
88, 271, 0
321, 300, 0
203, 94, 0
226, 340, 0
469, 447, 0
127, 357, 0
159, 455, 0
93, 180, 0
249, 150, 0
316, 67, 0
359, 354, 0
143, 140, 0
277, 382, 0
411, 171, 0
478, 65, 0
179, 74, 0
386, 85, 0
225, 157, 0
37, 91, 0
126, 494, 0
141, 49, 0
467, 474, 0
452, 424, 0
207, 94, 0
275, 39, 0
167, 274, 0
155, 408, 0
190, 51, 0
70, 490, 0
86, 376, 0
314, 173, 0
108, 223, 0
269, 103, 0
171, 482, 0
21, 187, 0
112, 375, 0
40, 460, 0
86, 12, 0
36, 423, 0
453, 323, 0
492, 270, 0
94, 130, 0
215, 415, 0
97, 67, 0
19, 68, 0
407, 300, 0
295, 321, 0
36, 494, 0
282, 316, 0
220, 447, 0
227, 29, 0
82, 242, 0
24, 251, 0
2, 203, 0
131, 50, 0
436, 124, 0
369, 115, 0
337, 168, 0
475, 357, 0
114, 331, 0
460, 66, 0
446, 43, 0
373, 491, 0
181, 254, 0
444, 437, 0
91, 192, 0
366, 61, 0
219, 396, 0
275, 255, 0
440, 62, 0
160, 112, 0
402, 280, 0
313, 369, 0
393, 8, 0
119, 8, 0
488, 367, 0
250, 306, 0
50, 112, 0
79, 34, 0
77, 215, 0
227, 178, 0
77, 464, 0
291, 192, 0
486, 351, 0
13, 368, 0
58, 367, 0
181, 97, 0
488, 480, 0
233, 145, 0
82, 418, 0
23, 39, 0
239, 464, 0
352, 140, 0
287, 369, 0
34, 254, 0
31, 362, 0
175, 298, 0
145, 233, 0
430, 276, 0
173, 290, 0
168, 253, 0
104, 477, 0
256, 237, 0
118, 19, 0
355, 455, 0
183, 242, 0
230, 398, 0
42, 409, 0
254, 97, 0
26, 396, 0
146, 291, 0
474, 250, 0
65, 190, 0
380, 301, 0
223, 131, 0
331, 211, 0
222, 235, 0
481, 311, 0
310, 492, 0
52, 310, 0
317, 242, 0
153, 372, 0
177, 237, 0
311, 382, 0
180, 425, 0
290, 31, 0
311, 225, 0
464, 372, 0
24, 249, 0
226, 29, 0
217, 451, 0
156, 286, 0
230, 126, 0
2, 378, 0
166, 237, 0
476, 343, 0
391, 279, 0
440, 392, 0
68, 349, 0
440, 427, 0
96, 328, 0
500, 156, 0
133, 248, 0
23, 341, 0
209, 102, 0
277, 406, 0
226, 412, 0
439, 312, 0
481, 410, 0
47, 10, 0
296, 165, 0
29, 451, 0
257, 250, 0
257, 387, 0
100, 500, 0
486, 274, 0
149, 176, 0
128, 267, 0
289, 302, 0
440, 118, 0
276, 196, 0
65, 16, 0
295, 167, 0
87, 389, 0
257, 222, 0
424, 384, 0
168, 423, 0
414, 463, 0
10, 273, 0
69, 397, 0
59, 112, 0
413, 445, 0
292, 249, 0
411, 174, 0
399, 469, 0
193, 289, 0
382, 54, 0
13, 452, 0
402, 201, 0
214, 376, 0
246, 153, 0
94, 317, 0
412, 345, 0
258, 270, 0
140, 53, 0
310, 92, 0
51, 105, 0
320, 201, 0
343, 44, 0
194, 218, 0
118, 127, 0
361, 306, 0
72, 209, 0
33, 485, 0
304, 78, 0
294, 425, 0
299, 104, 0
181, 392, 0
383, 188, 0
141, 312, 0
99, 374, 0
125, 90, 0
47, 59, 0
495, 328, 0
476, 84, 0
214, 378, 0
474, 211, 0
373, 95, 0
426, 11, 0
209, 449, 0
107, 354, 0
298, 32, 0
37, 27, 0
197, 131, 0
102, 218, 0
56, 322, 0
88, 427, 0
131, 192, 0
207, 238, 0
87, 269, 0
264, 497, 0
18, 216, 0
120, 249, 0
236, 106, 0
400, 488, 0
485, 66, 0
373, 281, 0
67, 134, 0
47, 73, 0
14, 464, 0
191, 444, 0
434, 363, 0
191, 360, 0
10, 269, 0
391, 42, 0
368, 193, 0
134, 397, 0
233, 450, 0
126, 73, 0
387, 446, 0
165, 455, 0
280, 9, 0
149, 111, 0
303, 310, 0
275, 346, 0
451, 244, 0
71, 471, 0
148, 491, 0
236, 422, 0
431, 183, 0
500, 303, 0
264, 50, 0
447, 217, 0
247, 185, 0
22, 127, 0
136, 131, 0
254, 413, 0
268, 130, 0
63, 248, 0
462, 496, 0
435, 251, 0
454, 31, 0
63, 361, 0
429, 323, 0
374, 157, 0
314, 396, 0
300, 157, 0
465, 231, 0
199, 216, 0
367, 216, 0
166, 159, 0
422, 262, 0
167, 201, 0
223, 304, 0
499, 128, 0
454, 101, 0
323, 444, 0
85, 301, 0
74, 60, 0
38, 313, 0
34, 364, 0
159, 5, 0
233, 352, 0
87, 352, 0
157, 295, 0
231, 265, 0
460, 361, 0
354, 418, 0
283, 72, 0
151, 269, 0
33, 319, 0
474, 460, 0
468, 324, 0
354, 305, 0
404, 466, 0
278, 335, 0
367, 407, 0
226, 337, 0
406, 76, 0
341, 366, 0
65, 25, 0
306, 263, 0
281, 243, 0
131, 367, 0
225, 222, 0
179, 454, 0
349, 59, 0
69, 154, 0
483, 263, 0
444, 209, 0
141, 93, 0
281, 55, 0
379, 182, 0
410, 123, 0
446, 135, 0
215, 322, 0
40, 390, 0
236, 423, 0
147, 42, 0
21, 98, 0
429, 81, 0
327, 40, 0
438, 347, 0
488, 49, 0
306, 433, 0
382, 337, 0
443, 68, 0
313, 287, 0
20, 141, 0
194, 344, 0
196, 490, 0
85, 221, 0
428, 263, 0
7, 277, 0
259, 334, 0
65, 85, 0
176, 484, 0
361, 317, 0
219, 358, 0
190, 204, 0
153, 138, 0
309, 394, 0
450, 185, 0
406, 197, 0
329, 114, 0
325, 479, 0
293, 319, 0
102, 190, 0
246, 427, 0
367, 237, 0
283, 322, 0
460, 349, 0
339, 252, 0
140, 358, 0
203, 466, 0
400, 455, 0
461, 223, 0
55, 413, 0
192, 108, 0
362, 475, 0
188, 18, 0
155, 327, 0
93, 138, 0
433, 161, 0
96, 467, 0
7, 245, 0
434, 205, 0
306, 260, 0
230, 361, 0
33, 172, 0
114, 76, 0
472, 157, 0
90, 217, 0
9, 335, 0
161, 191, 0
4, 113, 0
304, 214, 0
209, 165, 0
417, 249, 0
148, 434, 0
157, 17, 0
392, 368, 0
466, 444, 0
357, 142, 0
9, 360, 0
64, 198, 0
259, 421, 0
42, 102, 0
159, 394, 0
42, 346, 0
349, 77, 0
223, 340, 0
422, 17, 0
298, 339, 0
53, 476, 0
193, 189, 0
224, 471, 0
242, 108, 0
452, 453, 0
186, 435, 0
147, 197, 0
342, 378, 0
492, 192, 0
147, 27, 0
118, 410, 0
106, 113, 0
477, 206, 0
16, 111, 0
198, 252, 0
500, 443, 0
62, 224, 0
404, 357, 0
271, 325, 0
33, 246, 0
271, 87, 0
328, 158, 0
474, 216, 0
305, 85, 0
438, 105, 0
454, 35, 0
438, 173, 0
393, 320, 0
240, 18, 0
483, 199, 0
120, 191, 0
322, 263, 0
63, 247, 0
155, 479, 0
169, 201, 0
181, 170, 0
27, 359, 0
213, 375, 0
260, 224, 0
291, 256, 0
471, 352, 0
473, 199, 0
350, 462, 0
211, 347, 0
83, 482, 0
312, 451, 0
28, 462, 0
145, 228, 0
180, 391, 0
431, 186, 0
349, 329, 0
151, 157, 0
69, 475, 0
258, 207, 0
455, 14, 0
203, 337, 0
18, 394, 0
281, 475, 0
8, 406, 0
13, 309, 0
337, 120, 0
166, 400, 0
150, 325, 0
55, 315, 0
282, 40, 0
83, 470, 0
409, 10, 0
217, 329, 0
268, 165, 0
370, 286, 0
357, 126, 0
217, 282, 0
48, 470, 0
161, 445, 0
14, 209, 0
322, 100, 0
386, 459, 0
317, 21, 0
34, 303, 0
14, 206, 0
173, 384, 0
141, 453, 0
35, 236, 0
305, 420, 0
441, 253, 0
430, 239, 0
31, 232, 0
409, 217, 0
8, 44, 0
354, 404, 0
86, 495, 0
18, 323, 0
419, 372, 0
403, 159, 0
496, 37, 0
97, 123, 0
172, 169, 0
422, 24, 0
196, 247, 0
330, 412, 0
343, 277, 0
178, 343, 0
181, 483, 0
431, 296, 0
326, 172, 0
176, 422, 0
490, 404, 0
113, 286, 0
187, 393, 0
54, 194, 0
75, 435, 0
87, 196, 0
407, 82, 0
242, 325, 0
97, 474, 0
172, 374, 0
398, 15, 0
441, 329, 0
151, 353, 0
4, 349, 0
479, 211, 0
186, 187, 0
447, 283, 0
199, 205, 0
447, 33, 0
486, 77, 0
193, 453, 0
335, 71, 0
438, 476, 0
168, 320, 0
484, 199, 0
43, 27, 0
391, 486, 0
292, 382, 0
389, 232, 0
322, 74, 0
395, 132, 0
25, 128, 0
237, 413, 0
276, 480, 0
294, 468, 0
169, 204, 0
164, 230, 0
306, 327, 0
298, 49, 0
93, 485, 0
184, 40, 0
109, 169, 0
383, 135, 0
29, 183, 0
377, 339, 0
42, 260, 0
88, 113, 0
281, 192, 0
306, 400, 0
111, 236, 0
18, 445, 0
269, 381, 0
279, 317, 0
407, 455, 0
47, 117, 0
242, 446, 0
5, 441, 0
486, 385, 0
204, 17, 0
315, 65, 0
351, 218, 0
312, 93, 0
193, 18, 0
281, 156, 0
186, 232, 0
186, 14, 0
304, 238, 0
185, 240, 0
12, 109, 0
21, 304, 0
122, 235, 0
58, 142, 0
288, 48, 0
325, 6, 0
447, 339, 0
35, 247, 0
372, 15, 0
190, 151, 0
393, 463, 0
413, 180, 0
360, 67, 0
433, 359, 0
49, 270, 0
58, 178, 0
449, 388, 0
116, 325, 0
116, 412, 0
287, 89, 0
19, 152, 0
385, 420, 0
71, 321, 0
494, 352, 0
58, 218, 0
375, 452, 0
191, 24, 0
300, 190, 0
162, 105, 0
476, 244, 0
450, 183, 0
368, 269, 0
414, 20, 0
200, 323, 0
463, 67, 0
221, 435, 0
16, 9, 0
236, 496, 0
133, 422, 0
268, 89, 0
270, 12, 0
167, 87, 0
484, 171, 0
267, 325, 0
278, 238, 0
488, 328, 0
357, 113, 0
138, 85, 0
374, 88, 0
440, 477, 0
34, 5, 0
141, 499, 0
188, 391, 0
260, 254, 0
308, 23, 0
100, 239, 0
112, 327, 0
101, 457, 0
351, 26, 0
209, 456, 0
413, 258, 0
43, 487, 0
304, 242, 0
293, 96, 0
418, 160, 0
146, 423, 0
386, 146, 0
182, 490, 0
386, 82, 0
207, 380, 0
208, 408, 0
454, 300, 0
427, 489, 0
47, 273, 0
132, 329, 0
451, 293, 0
22, 217, 0
78, 190, 0
363, 396, 0
176, 249, 0
410, 113, 0
433, 110, 0
381, 198, 0
249, 73, 0
1, 419, 0
176, 212, 0
53, 100, 0
235, 421, 0
92, 109, 0
232, 252, 0
427, 382, 0
132, 282, 0
491, 484, 0
253, 121, 0
140, 307, 0
280, 376, 0
98, 5, 0
421, 365, 0
25, 244, 0
498, 54, 0
56, 308, 0
91, 354, 0
24, 60, 0
387, 246, 0
264, 279, 0
380, 337, 0
493, 275, 0
301, 328, 0
86, 154, 0
9, 426, 0
353, 177, 0
60, 96, 0
493, 186, 0
62, 353, 0
413, 365, 0
124, 94, 0
44, 407, 0
168, 317, 0
340, 84, 0
437, 171, 0
124, 403, 0
335, 20, 0
336, 312, 0
37, 399, 0
336, 419, 0
28, 31, 0
349, 483, 0
129, 191, 0
149, 279, 0
164, 93, 0
190, 320, 0
372, 253, 0
93, 163, 0
70, 153, 0
1, 63, 0
385, 428, 0
331, 234, 0
33, 378, 0
267, 459, 0
413, 187, 0
204, 31, 0
359, 368, 0
188, 384, 0
330, 359, 0
224, 399, 0
175, 497, 0
51, 118, 0
141, 135, 0
163, 424, 0
451, 255, 0
256, 394, 0
93, 153, 0
420, 250, 0
166, 370, 0
307, 289, 0
204, 68, 0
40, 18, 0
275, 468, 0
343, 446, 0
248, 209, 0
79, 425, 0
127, 194, 0
212, 351, 0
20, 372, 0
237, 118, 0
86, 182, 0
43, 392, 0
230, 334, 0
186, 429, 0
46, 393, 0
46, 65, 0
143, 22, 0
42, 164, 0
490, 31, 0
101, 306, 0
487, 337, 0
473, 114, 0
136, 220, 0
1, 266, 0
64, 220, 0
304, 478, 0
395, 382, 0
352, 470, 0
127, 226, 0
198, 226, 0
13, 446, 0
203, 397, 0
182, 240, 0
191, 482, 0
386, 94, 0
126, 420, 0
234, 283, 0
328, 491, 0
210, 421, 0
211, 236, 0
149, 294, 0
444, 114, 0
354, 328, 0
255, 264, 0
393, 59, 0
336, 485, 0
339, 461, 0
242, 354, 0
296, 344, 0
175, 130, 0
233, 248, 0
279, 311, 0
61, 59, 0
202, 157, 0
465, 47, 0
73, 445, 0
277, 84, 0
297, 268, 0
199, 432, 0
114, 318, 0
447, 255, 0
295, 154, 0
28, 135, 0
444, 344, 0
41, 101, 0
18, 110, 0
404, 218, 0
110, 212, 0
137, 129, 0
336, 166, 0
205, 158, 0
383, 249, 0
94, 8, 0
138, 55, 0
410, 452, 0
67, 275, 0
442, 452, 0
176, 1, 0
204, 87, 0
167, 454, 0
354, 290, 0
191, 381, 0
164, 231, 0
341, 198, 0
194, 257, 0
242, 12, 0
298, 405, 0
417, 459, 0
76, 220, 0
21, 259, 0
395, 371, 0
61, 72, 0
305, 308, 0
296, 211, 0
360, 450, 0
190, 349, 0
307, 72, 0
443, 311, 0
88, 171, 0
272, 218, 0
351, 47, 0
431, 134, 0
269, 80, 0
88, 207, 0
316, 374, 0
264, 252, 0
158, 46, 0
393, 192, 0
62, 56, 0
24, 350, 0
486, 359, 0
26, 232, 0
51, 56, 0
370, 496, 0
139, 231, 0
489, 152, 0
233, 202, 0
28, 401, 0
352, 348, 0
279, 327, 0
429, 367, 0
416, 14, 0
499, 399, 0
486, 369, 0
309, 456, 0
39, 256, 0
251, 262, 0
309, 129, 0
183, 220, 0
112, 317, 0
155, 306, 0
494, 488, 0
459, 480, 0
425, 195, 0
340, 244, 0
203, 13, 0
220, 339, 0
324, 338, 0
330, 285, 0
372, 252, 0
75, 376, 0
24, 288, 0
283, 372, 0
430, 61, 0
218, 485, 0
293, 124, 0
74, 372, 0
470, 417, 0
226, 471, 0
118, 269, 0
57, 397, 0
302, 5, 0
149, 326, 0
310, 131, 0
188, 281, 0
267, 328, 0
219, 300, 0
114, 170, 0
91, 8, 0
125, 459, 0
361, 431, 0
120, 331, 0
26, 14, 0
86, 344, 0
1, 412, 0
31, 444, 0
328, 70, 0
494, 145, 0
426, 496, 0
408, 144, 0
175, 162, 0
496, 35, 0
86, 440, 0
2, 274, 0
125, 11, 0
214, 161, 0
179, 478, 0
342, 261, 0
362, 340, 0
89, 16, 0
457, 84, 0
243, 423, 0
407, 483, 0
306, 259, 0
10, 477, 0
327, 7, 0
420, 257, 0
158, 6, 0
136, 183, 0
336, 9, 0
446, 8, 0
302, 392, 0
17, 49, 0
215, 458, 0
342, 141, 0
115, 274, 0
389, 141, 0
76, 14, 0
315, 457, 0
447, 167, 0
163, 473, 0
143, 88, 0
183, 473, 0
293, 140, 0
32, 147, 0
407, 1, 0
235, 196, 0
224, 95, 0
74, 310, 0
11, 422, 0
29, 33, 0
256, 218, 0
58, 464, 0
448, 373, 0
301, 367, 0
124, 259, 0
66, 63, 0
131, 105, 0
349, 310, 0
457, 54, 0
210, 472, 0
16, 142, 0
233, 141, 0
384, 499, 0
32, 353, 0
230, 77, 0
268, 193, 0
287, 107, 0
161, 391, 0
280, 423, 0
390, 53, 0
53, 14, 0
53, 305, 0
19, 104, 0
161, 15, 0
424, 496, 0
10, 284, 0
93, 289, 0
338, 7, 0
88, 335, 0
218, 446, 0
80, 425, 0
135, 176, 0
170, 369, 0
440, 79, 0
348, 179, 0
205, 198, 0
373, 439, 0
93, 343, 0
279, 117, 0
257, 122, 0
89, 215, 0
117, 253, 0
252, 210, 0
304, 116, 0
38, 351, 0
346, 18, 0
266, 185, 0
422, 432, 0
419, 395, 0
60, 466, 0
75, 23, 0
284, 219, 0
64, 283, 0
5, 302, 0
140, 345, 0
243, 202, 0
462, 437, 0
268, 88, 0
217, 451, 0
265, 424, 0
140, 482, 0
282, 157, 0
475, 53, 0
392, 258, 0
42, 78, 0
379, 489, 0
171, 193, 0
140, 245, 0
498, 443, 0
391, 33, 0
382, 130, 0
430, 24, 0
83, 78, 0
75, 356, 0
76, 494, 0
489, 1, 0
319, 65, 0
415, 67, 0
367, 293, 0
325, 256, 0
358, 126, 0
324, 396, 0
423, 443, 0
8, 91, 0
55, 418, 0
320, 494, 0
173, 402, 0
474, 491, 0
408, 129, 0
158, 282, 0
294, 249, 0
355, 165, 0
74, 220, 0
241, 475, 0
78, 341, 0
441, 493, 0
479, 54, 0
34, 407, 0
39, 51, 0
401, 178, 0
22, 273, 0
376, 151, 0
457, 491, 0
292, 31, 0
260, 183, 0
185, 98, 0
361, 74, 0
319, 191, 0
6, 190, 0
288, 54, 0
404, 409, 0
18, 441, 0
295, 218, 0
158, 269, 0
131, 304, 0
18, 373, 0
172, 255, 0
15, 465, 0
102, 459, 0
192, 56, 0
479, 411, 0
500, 388, 0
395, 103, 0
426, 243, 0
331, 112, 0
408, 28, 0
266, 41, 0
441, 80, 0
336, 363, 0
73, 108, 0
132, 125, 0
11, 440, 0
369, 41, 0
293, 192, 0
17, 96, 0
152, 239, 0
51, 470, 0
251, 452, 0
95, 307, 0
119, 298, 0
288, 109, 0
201, 17, 0
34, 205, 0
404, 343, 0
206, 25, 0
125, 294, 0
240, 284, 0
237, 471, 0
184, 414, 0
102, 463, 0
24, 28, 0
358, 155, 0
146, 8, 0
401, 49, 0
425, 62, 0
347, 427, 0
430, 353, 0
103, 48, 0
366, 321, 0
258, 485, 0
487, 375, 0
415, 167, 0
157, 176, 0
415, 458, 0
306, 388, 0
314, 60, 0
469, 489, 0
398, 320, 0
372, 264, 0
356, 200, 0
213, 107, 0
37, 190, 0
449, 213, 0
329, 475, 0
321, 45, 0
284, 59, 0
289, 90, 0
175, 245, 0
198, 453, 0
278, 110, 0
306, 459, 0
8, 441, 0
59, 113, 0
491, 222, 0
31, 50, 0
206, 145, 0
436, 356, 0
365, 460, 0
144, 13, 0
445, 148, 0
7, 453, 0
269, 291, 0
344, 157, 0
497, 458, 0
195, 22, 0
69, 102, 0
201, 300, 0
386, 451, 0
15, 335, 0
145, 98, 0
312, 399, 0
353, 340, 0
492, 428, 0
360, 371, 0
172, 268, 0
121, 479, 0
364, 334, 0
21, 439, 0
414, 301, 0
273, 236, 0
484, 97, 0
496, 187, 0
407, 435, 0
374, 338, 0
379, 398, 0
213, 407, 0
382, 70, 0
283, 409, 0
447, 167, 0
333, 321, 0
341, 295, 0
207, 358, 0
341, 118, 0
285, 27, 0
297, 401, 0
58, 168, 0
213, 297, 0
276, 159, 0
8, 199, 0
217, 445, 0
100, 300, 0
186, 462, 0
27, 81, 0
429, 151, 0
92, 365, 0
316, 402, 0
370, 53, 0
133, 203, 0
304, 182, 0
272, 169, 0
481, 270, 0
406, 225, 0
407, 26, 0
128, 408, 0
159, 292, 0
56, 73, 0
387, 124, 0
264, 289, 0
100, 53, 0
147, 339, 0
179, 206, 0
454, 68, 0
424, 343, 0
188, 344, 0
11, 174, 0
471, 343, 0
191, 295, 0
252, 382, 0
88, 292, 0
365, 118, 0
101, 319, 0
301, 10, 0
495, 2, 0
16, 206, 0
345, 276, 0
309, 181, 0
328, 197, 0
363, 285, 0
347, 349, 0
424, 347, 0
477, 379, 0
309, 12, 0
15, 217, 0
67, 466, 0
106, 187, 0
134, 235, 0
213, 400, 0
337, 120, 0
128, 42, 0
141, 329, 0
233, 46, 0
19, 405, 0
48, 248, 0
93, 380, 0
206, 181, 0
41, 152, 0
54, 235, 0
95, 72, 0
157, 475, 0
252, 218, 0
388, 35, 0
404, 469, 0
180, 86, 0
368, 475, 0
10, 211, 0
108, 236, 0
153, 398, 0
145, 438, 0
41, 138, 0
67, 270, 0
210, 366, 0
479, 365, 0
242, 471, 0
72, 452, 0
80, 266, 0
256, 450, 0
322, 236, 0
249, 379, 0
86, 350, 0
406, 170, 0
49, 339, 0
112, 77, 0
421, 93, 0
327, 485, 0
221, 43, 0
402, 57, 0
23, 194, 0
118, 252, 0
41, 464, 0
324, 175, 0
57, 278, 0
433, 89, 0
328, 222, 0
236, 17, 0
434, 171, 0
238, 206, 0
453, 329, 0
318, 175, 0
68, 282, 0
300, 402, 0
247, 491, 0
16, 319, 0
360, 93, 0
370, 350, 0
56, 24, 0
280, 25, 0
200, 118, 0
80, 213, 0
19, 73, 0
154, 384, 0
398, 290, 0
150, 31, 0
419, 197, 0
441, 486, 0
271, 22, 0
438, 137, 0
143, 279, 0
489, 208, 0
374, 388, 0
26, 71, 0
305, 473, 0
451, 27, 0
192, 106, 0
205, 16, 0
29, 449, 0
338, 7, 0
171, 78, 0
157, 409, 0
178, 211, 0
481, 243, 0
293, 284, 0
215, 42, 0
329, 169, 0
175, 238, 0
20, 163, 0
204, 379, 0
382, 321, 0
457, 135, 0
154, 111, 0
380, 15, 0
88, 254, 0
405, 486, 0
488, 408, 0
458, 212, 0
470, 499, 0
23, 353, 0
183, 349, 0
489, 472, 0
117, 202, 0
333, 363, 0
124, 313, 0
394, 449, 0
166, 150, 0
307, 135, 0
317, 9, 0
220, 2, 0
35, 136, 0
473, 402, 0
159, 491, 0
110, 219, 0
59, 21, 0
182, 44, 0
77, 344, 0
310, 148, 0
52, 230, 0
116, 354, 0
163, 314, 0
317, 66, 0
441, 94, 0
109, 303, 0
426, 167, 0
59, 320, 0
94, 36, 0
129, 130, 0
184, 32, 0
486, 47, 0
397, 65, 0
398, 152, 0
199, 38, 0
383, 246, 0
44, 321, 0
426, 288, 0
464, 476, 0
10, 298, 0
16, 231, 0
425, 309, 0
485, 277, 0
484, 286, 0
209, 232, 0
262, 42, 0
117, 274, 0
436, 367, 0
235, 248, 0
266, 136, 0
350, 24, 0
474, 447, 0
132, 163, 0
431, 253, 0
440, 491, 0
297, 389, 0
108, 326, 0
63, 214, 0
489, 330, 0
301, 96, 0
165, 23, 0
354, 392, 0
142, 429, 0
18, 477, 0
280, 248, 0
401, 293, 0
81, 409, 0
155, 292, 0
53, 106, 0
233, 383, 0
492, 205, 0
491, 278, 0
44, 369, 0
344, 276, 0
52, 431, 0
490, 228, 0
51, 237, 0
99, 49, 0
200, 129, 0
444, 374, 0
262, 177, 0
146, 285, 0
323, 10, 0
3, 447, 0
477, 335, 0
474, 254, 0
168, 76, 0
47, 93, 0
5, 492, 0
41, 12, 0
69, 73, 0
344, 276, 0
363, 75, 0
467, 478, 0
259, 320, 0
87, 129, 0
258, 283, 0
223, 49, 0
195, 302, 0
156, 256, 0
336, 331, 0
404, 361, 0
443, 468, 0
286, 20, 0
462, 275, 0
165, 336, 0
365, 133, 0
243, 215, 0
65, 353, 0
61, 271, 0
162, 359, 0
389, 472, 0
210, 138, 0
245, 65, 0
327, 58, 0
484, 351, 0
317, 109, 0
345, 194, 0
129, 344, 0
194, 70, 0
308, 468, 0
96, 67, 0
403, 123, 0
431, 416, 0
348, 130, 0
38, 109, 0
383, 252, 0
470, 96, 0
123, 182, 0
484, 110, 0
392, 139, 0
297, 164, 0
81, 500, 0
309, 84, 0
206, 248, 0
388, 227, 0
302, 2, 0
341, 132, 0
159, 216, 0
51, 15, 0
135, 380, 0
47, 425, 0
118, 90, 0
101, 407, 0
238, 116, 0
244, 470, 0
220, 141, 0
57, 41, 0
188, 330, 0
50, 430, 0
157, 360, 0
500, 456, 0
226, 228, 0
471, 195, 0
5, 36, 0
136, 358, 0
419, 146, 0
222, 102, 0
133, 56, 0
200, 159, 0
253, 26, 0
246, 96, 0
393, 466, 0
439, 76, 0
369, 301, 0
240, 28, 0
388, 350, 0
239, 121, 0
54, 136, 0
283, 422, 0
421, 209, 0
284, 471, 0
67, 96, 0
299, 436, 0
38, 491, 0
93, 165, 0
491, 454, 0
145, 289, 0
341, 27, 0
215, 195, 0
457, 235, 0
38, 309, 0
189, 103, 0
18, 414, 0
446, 17, 0
193, 365, 0
431, 457, 0
445, 272, 0
131, 463, 0
408, 21, 0
430, 407, 0
274, 58, 0
333, 344, 0
263, 36, 0
469, 371, 0
369, 104, 0
51, 35, 0
141, 481, 0
74, 7, 0
148, 315, 0
208, 12, 0
164, 389, 0
370, 313, 0
162, 319, 0
44, 326, 0
23, 186, 0
138, 364, 0
297, 344, 0
229, 110, 0
432, 21, 0
145, 169, 0
129, 425, 0
116, 210, 0
73, 421, 0
400, 130, 0
85, 144, 0
323, 99, 0
437, 158, 0
200, 89, 0
486, 294, 0
469, 493, 0
4, 62, 0
348, 177, 0
173, 265, 0
479, 186, 0
358, 14, 0
205, 380, 0
316, 444, 0
218, 47, 0
358, 161, 0
379, 63, 0
177, 269, 0
496, 413, 0
400, 175, 0
275, 217, 0
43, 59, 0
283, 168, 0
56, 94, 0
217, 135, 0
395, 11, 0
6, 383, 0
255, 253, 0
441, 413, 0
68, 231, 0
404, 490, 0
231, 480, 0
339, 59, 0
16, 258, 0
449, 494, 0
93, 236, 0
129, 444, 0
349, 209, 0
433, 48, 0
7, 169, 0
433, 490, 0
397, 64, 0
194, 142, 0
484, 70, 0
341, 128, 0
483, 133, 0
243, 171, 0
492, 94, 0
92, 446, 0
147, 151, 0
122, 438, 0
23, 266, 0
4, 288, 0
6, 247, 0
371, 336, 0
421, 412, 0
500, 218, 0
33, 298, 0
23, 317, 0
344, 418, 0
165, 397, 0
240, 133, 0
338, 403, 0
287, 40, 0
490, 372, 0
264, 156, 0
182, 410, 0
58, 493, 0
105, 471, 0
436, 307, 0
438, 372, 0
325, 282, 0
126, 443, 0
205, 43, 0
271, 338, 0
364, 16, 0
476, 7, 0
435, 337, 0
234, 249, 0
374, 210, 0
53, 384, 0
33, 21, 0
69, 209, 0
316, 136, 0
340, 250, 0
33, 184, 0
5, 13, 0
420, 189, 0
386, 332, 0
367, 314, 0
283, 288, 0
124, 373, 0
104, 179, 0
236, 124, 0
149, 429, 0
498, 287, 0
376, 135, 0
41, 350, 0
488, 256, 0
107, 492, 0
389, 464, 0
31, 421, 0
109, 106, 0
457, 405, 0
234, 418, 0
438, 110, 0
157, 248, 0
291, 312, 0
371, 109, 0
468, 62, 0
106, 359, 0
374, 76, 0
353, 329, 0
20, 315, 0
82, 73, 0
251, 492, 0
360, 50, 0
361, 324, 0
25, 199, 0
46, 475, 0
300, 129, 0
142, 465, 0
264, 377, 0
158, 78, 0
443, 201, 0
109, 418, 0
286, 356, 0
423, 284, 0
190, 238, 0
355, 424, 0
411, 246, 0
413, 232, 0
269, 465, 0
387, 404, 0
409, 196, 0
88, 31, 0
322, 189, 0
192, 126, 0
33, 199, 0
148, 3, 0
382, 46, 0
169, 58, 0
272, 419, 0
345, 200, 0
281, 406, 0
260, 353, 0
56, 227, 0
5, 406, 0
368, 419, 0
290, 293, 0
362, 98, 0
74, 24, 0
470, 341, 0
110, 436, 0
339, 334, 0
399, 342, 0
161, 410, 0
231, 437, 0
381, 108, 0
475, 175, 0
276, 384, 0
252, 147, 0
40, 94, 0
447, 328, 0
480, 436, 0
260, 279, 0
167, 336, 0
462, 122, 0
213, 351, 0
350, 37, 0
242, 319, 0
441, 175, 0
288, 71, 0
59, 355, 0
128, 388, 0
226, 298, 0
252, 101, 0
212, 464, 0
48, 449, 0
422, 38, 0
151, 54, 0
407, 322, 0
49, 398, 0
385, 466, 0
63, 341, 0
490, 484, 0
39, 133, 0
438, 31, 0
107, 394, 0
101, 84, 0
221, 42, 0
417, 372, 0
137, 353, 0
331, 233, 0
295, 87, 0
415, 385, 0
39, 155, 0
265, 158, 0
363, 196, 0
130, 124, 0
317, 396, 0
288, 77, 0
102, 168, 0
27, 222, 0
238, 422, 0
30, 456, 0
213, 486, 0
398, 382, 0
283, 40, 0
173, 351, 0
378, 456, 0
150, 180, 0
390, 156, 0
224, 383, 0
398, 371, 0
382, 131, 0
328, 443, 0
104, 200, 0
89, 405, 0
432, 495, 0
481, 461, 0
32, 291, 0
99, 189, 0
147, 227, 0
190, 174, 0
266, 340, 0
423, 453, 0
126, 156, 0
338, 453, 0
147, 365, 0
496, 338, 0
357, 120, 0
283, 380, 0
436, 332, 0
154, 6, 0
441, 215, 0
420, 69, 0
457, 229, 0
192, 41, 0
112, 184, 0
134, 314, 0
235, 245, 0
425, 53, 0
132, 64, 0
440, 238, 0
23, 8, 0
128, 34, 0
47, 214, 0
201, 405, 0
321, 75, 0
201, 109, 0
197, 393, 0
62, 171, 0
484, 86, 0
403, 228, 0
347, 285, 0
243, 1, 0
386, 59, 0
466, 320, 0
223, 153, 0
152, 78, 0
106, 268, 0
291, 381, 0
451, 54, 0
270, 319, 0
356, 324, 0
305, 306, 0
37, 250, 0
477, 27, 0
21, 134, 0
224, 362, 0
21, 125, 0
420, 411, 0
101, 8, 0
354, 307, 0
421, 27, 0
418, 142, 0
274, 41, 0
280, 125, 0
269, 251, 0
437, 458, 0
115, 387, 0
78, 263, 0
493, 293, 0
279, 184, 0
164, 405, 0
288, 57, 0
21, 444, 0
35, 375, 0
27, 234, 0
369, 144, 0
19, 121, 0
62, 318, 0
445, 339, 0
36, 477, 0
231, 382, 0
476, 477, 0
20, 436, 0
249, 378, 0
136, 499, 0
449, 240, 0
85, 399, 0
418, 19, 0
489, 375, 0
230, 427, 0
167, 343, 0
28, 489, 0
436, 288, 0
48, 14, 0
401, 394, 0
313, 334, 0
491, 374, 0
489, 17, 0
278, 195, 0
389, 22, 0
443, 383, 0
316, 5, 0
393, 336, 0
355, 435, 0
454, 426, 0
283, 369, 0
336, 429, 0
426, 254, 0
294, 123, 0
431, 93, 0
373, 106, 0
370, 307, 0
150, 412, 0
265, 438, 0
126, 429, 0
135, 84, 0
257, 470, 0
14, 260, 0
398, 405, 0
286, 250, 0
92, 132, 0
152, 282, 0
255, 483, 0
376, 465, 0
158, 254, 0
385, 253, 0
326, 160, 0
84, 212, 0
303, 255, 0
405, 304, 0
258, 496, 0
94, 179, 0
255, 392, 0
152, 24, 0
82, 256, 0
235, 82, 0
270, 370, 0
394, 314, 0
101, 216, 0
29, 304, 0
211, 338, 0
61, 292, 0
418, 186, 0
42, 337, 0
267, 168, 0
495, 423, 0
95, 137, 0
114, 23, 0
29, 292, 0
6, 155, 0
500, 442, 0
167, 301, 0
49, 115, 0
269, 440, 0
271, 226, 0
462, 102, 0
471, 459, 0
286, 159, 0
306, 449, 0
289, 19, 0
466, 95, 0
232, 114, 0
498, 44, 0
444, 384, 0
59, 66, 0
440, 423, 0
128, 100, 0
445, 298, 0
384, 12, 0
245, 182, 0
28, 376, 0
170, 388, 0
499, 328, 0
285, 389, 0
163, 318, 0
428, 385, 0
11, 371, 0
104, 183, 0
258, 69, 0
123, 363, 0
304, 147, 0
429, 217, 0
282, 332, 0
10, 418, 0
308, 16, 0
218, 62, 0
472, 97, 0
285, 301, 0
362, 446, 0
46, 248, 0
460, 479, 0
355, 259, 0
483, 128, 0
446, 228, 0
247, 36, 0
488, 471, 0
444, 474, 0
275, 353, 0
251, 27, 0
353, 236, 0
313, 16, 0
312, 489, 0
295, 99, 0
464, 369, 0
78, 60, 0
102, 222, 0
489, 165, 0
259, 345, 0
70, 271, 0
212, 197, 0
137, 374, 0
74, 116, 0
129, 477, 0
9, 195, 0
93, 42, 0
119, 308, 0
395, 471, 0
154, 490, 0
245, 209, 0
178, 24, 0
352, 87, 0
307, 92, 0
426, 85, 0
155, 460, 0
239, 348, 0
237, 300, 0
128, 257, 0
485, 182, 0
481, 365, 0
454, 106, 0
174, 55, 0
151, 490, 0
469, 234, 0
326, 295, 0
102, 127, 0
292, 19, 0
119, 239, 0
146, 114, 0
19, 325, 0
320, 395, 0
327, 106, 0
296, 283, 0
397, 258, 0
50, 142, 0
5, 200, 0
372, 175, 0
9, 388, 0
461, 303, 0
428, 184, 0
338, 82, 0
139, 241, 0
281, 244, 0
16, 387, 0
14, 51, 0
413, 187, 0
481, 330, 0
361, 38, 0
495, 391, 0
162, 434, 0
348, 487, 0
396, 30, 0
105, 418, 0
86, 359, 0
497, 254, 0
439, 194, 0
436, 80, 0
54, 422, 0
145, 326, 0
259, 359, 0
345, 436, 0
2, 61, 0
294, 82, 0
395, 107, 0
256, 224, 0
309, 43, 0
324, 193, 0
271, 186, 0
18, 143, 0
57, 386, 0
389, 59, 0
183, 20, 0
74, 277, 0
433, 240, 0
409, 206, 0
443, 472, 0
450, 382, 0
484, 73, 0
80, 306, 0
479, 57, 0
332, 442, 0
329, 63, 0
325, 133, 0
190, 397, 0
379, 221, 0
346, 231, 0
374, 379, 0
256, 1, 0
277, 328, 0
139, 374, 0
276, 306, 0
369, 473, 0
168, 62, 0
230, 229, 0
194, 110, 0
445, 426, 0
416, 205, 0
78, 440, 0
227, 390, 0
188, 390, 0
292, 38, 0
334, 108, 0
474, 132, 0
493, 357, 0
265, 139, 0
288, 168, 0
3, 193, 0
229, 131, 0
217, 51, 0
336, 483, 0
309, 290, 0
442, 167, 0
342, 216, 0
152, 383, 0
319, 468, 0
458, 422, 0
261, 420, 0
271, 3, 0
492, 352, 0
203, 237, 0
14, 376, 0
381, 406, 0
37, 339, 0
2, 254, 0
451, 488, 0
334, 338, 0
384, 199, 0
142, 231, 0
415, 60, 0
224, 245, 0
344, 199, 0
56, 168, 0
470, 284, 0
87, 174, 0
201, 355, 0
94, 9, 0
88, 12, 0
436, 20, 0
79, 320, 0
201, 425, 0
240, 172, 0
353, 181, 0
287, 84, 0
133, 24, 0
342, 361, 0
236, 233, 0
195, 44, 0
385, 97, 0
231, 465, 0
257, 476, 0
324, 391, 0
149, 100, 0
291, 115, 0
87, 206, 0
499, 45, 0
338, 489, 0
378, 220, 0
291, 258, 0
219, 397, 0
38, 398, 0
237, 34, 0
286, 34, 0
59, 90, 0
62, 332, 0
203, 173, 0
157, 284, 0
330, 234, 0
125, 46, 0
167, 384, 0
60, 104, 0
444, 73, 0
56, 193, 0
134, 436, 0
206, 216, 0
23, 427, 0
98, 290, 0
23, 473, 0
489, 398, 0
272, 353, 0
371, 222, 0
340, 458, 0
259, 72, 0
42, 388, 0
346, 125, 0
392, 16, 0
233, 255, 0
415, 57, 0
44, 229, 0
224, 79, 0
393, 294, 0
360, 173, 0
180, 227, 0
76, 320, 0
441, 235, 0
71, 370, 0
431, 231, 0
432, 273, 0
292, 423, 0
60, 119, 0
323, 246, 0
125, 459, 0
461, 137, 0
474, 327, 0
146, 251, 0
324, 427, 0
348, 294, 0
209, 271, 0
274, 198, 0
47, 72, 0
18, 387, 0
11, 291, 0
219, 90, 0
461, 249, 0
222, 93, 0
425, 381, 0
29, 87, 0
164, 273, 0
93, 79, 0
13, 69, 0
161, 352, 0
13, 354, 0
167, 275, 0
290, 141, 0
241, 423, 0
33, 376, 0
416, 297, 0
269, 70, 0
447, 35, 0
265, 192, 0
411, 474, 0
220, 457, 0
344, 36, 0
383, 310, 0
111, 193, 0
267, 63, 0
494, 111, 0
293, 29, 0
174, 389, 0
260, 148, 0
412, 393, 0
131, 10, 0
236, 461, 0
424, 295, 0
238, 431, 0
37, 368, 0
290, 341, 0
161, 127, 0
339, 317, 0
355, 385, 0
237, 255, 0
132, 327, 0
285, 177, 0
495, 219, 0
82, 204, 0
434, 483, 0
485, 224, 0
223, 388, 0
488, 230, 0
69, 224, 0
425, 350, 0
397, 198, 0
247, 304, 0
161, 432, 0
315, 172, 0
32, 67, 0
289, 278, 0
273, 247, 0
205, 465, 0
322, 62, 0
45, 492, 0
177, 6, 0
69, 313, 0
270, 215, 0
78, 186, 0
195, 219, 0
140, 75, 0
305, 94, 0
114, 54, 0
192, 191, 0
300, 8, 0
419, 420, 0
137, 396, 0
105, 166, 0
219, 113, 0
120, 240, 0
493, 473, 0
464, 402, 0
387, 212, 0
476, 131, 0
129, 216, 0
166, 460, 0
210, 118, 0
133, 160, 0
432, 447, 0
69, 68, 0
5, 307, 0
14, 344, 0
168, 302, 0
36, 244, 0
7, 377, 0
119, 478, 0
181, 23, 0
76, 162, 0
60, 308, 0
197, 312, 0
341, 480, 0
359, 337, 0
372, 365, 0
17, 263, 0
335, 499, 0
388, 3, 0
211, 121, 0
21, 391, 0
346, 177, 0
47, 414, 0
132, 154, 0
436, 500, 0
61, 430, 0
499, 218, 0
316, 22, 0
433, 289, 0
214, 358, 0
497, 304, 0
377, 57, 0
72, 249, 0
461, 62, 0
177, 429, 0
438, 487, 0
462, 212, 0
124, 479, 0
6, 411, 0
39, 183, 0
28, 450, 0
393, 170, 0
372, 254, 0
71, 305, 0
376, 151, 0
169, 42, 0
248, 60, 0
307, 344, 0
484, 464, 0
121, 192, 0
405, 465, 0
9, 316, 0
472, 336, 0
124, 334, 0
175, 203, 0
199, 37, 0
97, 371, 0
134, 379, 0
424, 187, 0
236, 418, 0
21, 498, 0
256, 20, 0
165, 105, 0
147, 294, 0
104, 408, 0
163, 441, 0
408, 139, 0
89, 457, 0
415, 187, 0
144, 272, 0
480, 179, 0
461, 120, 0
428, 352, 0
214, 437, 0
26, 432, 0
191, 340, 0
190, 314, 0
361, 184, 0
348, 408, 0
24, 262, 0
387, 367, 0
119, 6, 0
357, 236, 0
278, 26, 0
498, 264, 0
443, 479, 0
33, 305, 0
325, 323, 0
388, 137, 0
43, 416, 0
467, 85, 0
6, 128, 0
369, 486, 0
287, 406, 0
431, 364, 0
172, 365, 0
378, 419, 0
225, 1, 0
464, 75, 0
475, 426, 0
126, 385, 0
57, 373, 0
325, 384, 0
475, 490, 0
435, 438, 0
8, 84, 0
457, 222, 0
299, 497, 0
264, 352, 0
446, 218, 0
264, 1, 0
288, 319, 0
438, 305, 0
414, 263, 0
225, 216, 0
489, 418, 0
164, 320, 0
142, 420, 0
260, 473, 0
202, 426, 0
196, 326, 0
497, 457, 0
99, 500, 0
59, 500, 0
313, 350, 0
62, 368, 0
111, 179, 0
67, 290, 0
313, 97, 0
156, 460, 0
437, 447, 0
227, 41, 0
250, 442, 0
282, 70, 0
367, 265, 0
307, 323, 0
366, 475, 0
14, 168, 0
374, 246, 0
213, 280, 0
417, 317, 0
256, 128, 0
467, 203, 0
211, 289, 0
308, 463, 0
413, 432, 0
68, 197, 0
282, 179, 0
65, 195, 0
202, 153, 0
257, 485, 0
21, 472, 0
319, 363, 0
163, 47, 0
329, 36, 0
134, 218, 0
280, 16, 0
270, 422, 0
388, 352, 0
25, 42, 0
147, 239, 0
376, 48, 0
437, 25, 0
302, 334, 0
385, 234, 0
272, 196, 0
287, 177, 0
297, 214, 0
261, 3, 0
341, 303, 0
197, 319, 0
214, 470, 0
218, 33, 0
378, 374, 0
263, 143, 0
88, 265, 0
26, 92, 0
37, 434, 0
160, 335, 0
87, 179, 0
162, 269, 0
426, 154, 0
388, 371, 0
155, 352, 0
110, 74, 0
34, 209, 0
481, 78, 0
372, 319, 0
475, 86, 0
355, 64, 0
391, 154, 0
22, 183, 0
472, 291, 0
444, 23, 0
458, 40, 0
84, 429, 0
228, 270, 0
383, 485, 0
212, 405, 0
415, 455, 0
320, 58, 0
480, 215, 0
321, 229, 0
469, 353, 0
59, 152, 0
353, 445, 0
473, 235, 0
204, 140, 0
79, 324, 0
410, 120, 0
410, 219, 0
74, 257, 0
171, 162, 0
447, 140, 0
300, 390, 0
432, 198, 0
60, 465, 0
482, 190, 0
274, 225, 0
373, 285, 0
438, 231, 0
12, 223, 0
88, 365, 0
309, 183, 0
62, 66, 0
497, 447, 0
392, 436, 0
472, 50, 0
447, 48, 0
102, 35, 0
411, 58, 0
219, 258, 0
66, 288, 0
32, 103, 0
71, 424, 0
467, 335, 0
143, 398, 0
4, 279, 0
344, 417, 0
82, 76, 0
228, 7, 0
483, 350, 0
293, 163, 0
47, 265, 0
403, 326, 0
268, 497, 0
66, 262, 0
103, 174, 0
374, 103, 0
3, 176, 0
205, 380, 0
168, 446, 0
404, 359, 0
281, 102, 0
370, 461, 0
391, 117, 0
274, 349, 0
335, 175, 0
428, 101, 0
199, 53, 0
153, 18, 0
42, 40, 0
416, 64, 0
349, 151, 0
144, 205, 0
433, 291, 0
175, 205, 0
380, 27, 0
275, 392, 0
256, 294, 0
473, 455, 0
263, 23, 0
193, 101, 0
313, 36, 0
330, 161, 0
336, 444, 0
39, 237, 0
207, 315, 0
473, 31, 0
297, 421, 0
212, 272, 0
40, 410, 0
117, 365, 0
458, 41, 0
190, 486, 0
164, 344, 0
182, 419, 0
191, 100, 0
359, 226, 0
237, 415, 0
474, 235, 0
149, 222, 0
306, 203, 0
286, 282, 0
2, 176, 0
166, 379, 0
361, 34, 0
318, 31, 0
152, 346, 0
319, 476, 0
23, 476, 0
289, 297, 0
268, 451, 0
491, 100, 0
233, 134, 0
191, 118, 0
401, 295, 0
446, 468, 0
439, 311, 0
313, 229, 0
490, 377, 0
345, 373, 0
105, 368, 0
17, 288, 0
259, 123, 0
350, 498, 0
23, 372, 0
499, 315, 0
391, 97, 0
115, 430, 0
183, 171, 0
228, 83, 0
346, 166, 0
405, 366, 0
216, 207, 0
320, 336, 0
174, 497, 0
414, 176, 0
218, 285, 0
20, 475, 0
115, 61, 0
469, 344, 0
442, 220, 0
346, 168, 0
136, 120, 0
462, 195, 0
69, 70, 0
358, 116, 0
249, 423, 0
432, 411, 0
498, 217, 0
325, 295, 0
437, 248, 0
376, 476, 0
174, 43, 0
24, 455, 0
67, 10, 0
125, 213, 0
252, 125, 0
442, 234, 0
370, 257, 0
220, 134, 0
415, 251, 0
159, 239, 0
403, 283, 0
488, 343, 0
153, 294, 0
437, 86, 0
375, 311, 0
276, 200, 0
107, 376, 0
495, 99, 0
423, 92, 0
425, 159, 0
305, 11, 0
140, 7, 0
274, 230, 0
279, 416, 0
285, 498, 0
106, 226, 0
419, 152, 0
424, 19, 0
432, 465, 0
77, 197, 0
421, 496, 0
410, 28, 0
106, 73, 0
371, 217, 0
8, 383, 0
411, 410, 0
465, 162, 0
227, 281, 0
211, 5, 0
425, 141, 0
78, 330, 0
263, 380, 0
413, 432, 0
225, 283, 0
493, 328, 0
500, 204, 0
298, 489, 0
125, 366, 0
35, 230, 0
218, 260, 0
365, 113, 0
96, 55, 0
352, 233, 0
447, 490, 0
178, 97, 0
378, 124, 0
312, 468, 0
314, 217, 0
138, 310, 0
175, 390, 0
143, 457, 0
18, 295, 0
279, 186, 0
126, 427, 0
254, 214, 0
214, 319, 0
191, 152, 0
104, 5, 0
205, 429, 0
72, 261, 0
221, 215, 0
148, 97, 0
353, 12, 0
152, 84, 0
329, 31, 0
221, 229, 0
453, 29, 0
131, 98, 0
419, 146, 0
457, 9, 0
447, 479, 0
270, 236, 0
341, 31, 0
274, 265, 0
398, 298, 0
298, 489, 0
51, 310, 0
421, 57, 0
327, 306, 0
287, 235, 0
319, 194, 0
64, 331, 0
249, 488, 0
3, 418, 0
299, 404, 0
489, 336, 0
50, 211, 0
326, 330, 0
271, 107, 0
423, 271, 0
177, 396, 0
305, 324, 0
465, 274, 0
281, 215, 0
456, 462, 0
341, 485, 0
159, 27, 0
348, 497, 0
293, 478, 0
238, 161, 0
38, 251, 0
499, 347, 0
307, 75, 0
203, 465, 0
366, 470, 0
98, 182, 0
207, 478, 0
29, 13, 0
162, 435, 0
73, 228, 0
297, 179, 0
149, 178, 0
434, 302, 0
316, 154, 0
166, 470, 0
281, 324, 0
428, 396, 0
487, 399, 0
461, 475, 0
299, 293, 0
293, 290, 0
324, 338, 0
489, 98, 0
155, 15, 0
491, 438, 0
421, 176, 0
374, 170, 0
335, 90, 0
123, 296, 0
389, 35, 0
249, 213, 0
335, 25, 0
429, 436, 0
16, 262, 0
278, 320, 0
146, 173, 0
254, 65, 0
20, 73, 0
226, 262, 0
388, 406, 0
182, 193, 0
338, 55, 0
231, 467, 0
229, 78, 0
227, 183, 0
215, 412, 0
375, 315, 0
231, 119, 0
253, 79, 0
292, 84, 0
9, 288, 0
88, 329, 0
443, 64, 0
188, 216, 0
302, 250, 0
467, 286, 0
407, 252, 0
295, 16, 0
306, 270, 0
483, 404, 0
22, 357, 0
307, 448, 0
248, 84, 0
154, 451, 0
400, 283, 0
410, 497, 0
240, 497, 0
23, 298, 0
452, 111, 0
209, 418, 0
384, 271, 0
28, 44, 0
78, 375, 0
342, 21, 0
274, 474, 0
108, 116, 0
454, 280, 0
439, 113, 0
111, 95, 0
189, 323, 0
111, 114, 0
56, 239, 0
267, 486, 0
259, 31, 0
353, 231, 0
68, 343, 0
86, 177, 0
63, 443, 0
445, 10, 0
288, 65, 0
156, 321, 0
120, 279, 0
269, 219, 0
385, 258, 0
194, 149, 0
369, 150, 0
393, 142, 0
290, 15, 0
318, 252, 0
148, 4, 0
294, 443, 0
320, 350, 0
370, 89, 0
104, 88, 0
342, 460, 0
136, 450, 0
152, 106, 0
175, 440, 0
126, 152, 0
216, 433, 0
107, 131, 0
48, 49, 0
426, 451, 0
321, 273, 0
8, 301, 0
50, 2, 0
436, 153, 0
270, 37, 0
266, 365, 0
275, 29, 0
189, 246, 0
227, 362, 0
98, 377, 0
445, 339, 0
241, 77, 0
102, 105, 0
211, 419, 0
220, 323, 0
207, 42, 0
445, 373, 0
478, 383, 0
41, 140, 0
194, 358, 0
97, 91, 0
262, 107, 0
264, 269, 0
468, 111, 0
152, 391, 0
54, 362, 0
2, 269, 0
23, 338, 0
219, 465, 0
213, 239, 0
99, 89, 0
198, 55, 0
173, 131, 0
220, 300, 0
1, 230, 0
300, 493, 0
262, 415, 0
204, 114, 0
391, 78, 0
89, 96, 0
480, 287, 0
215, 269, 0
122, 297, 0
326, 120, 0
113, 119, 0
199, 474, 0
187, 338, 0
210, 378, 0
229, 491, 0
290, 310, 0
186, 53, 0
283, 451, 0
402, 218, 0
2, 300, 0
400, 100, 0
145, 14, 0
87, 198, 0
207, 413, 0
496, 97, 0
95, 125, 0
273, 447, 0
216, 158, 0
250, 312, 0
294, 346, 0
92, 360, 0
12, 272, 0
24, 353, 0
132, 400, 0
345, 13, 0
299, 119, 0
187, 195, 0
94, 287, 0
204, 499, 0
418, 420, 0
441, 181, 0
191, 429, 0
484, 218, 0
485, 82, 0
242, 77, 0
480, 408, 0
4, 357, 0
154, 52, 0
104, 364, 0
31, 169, 0
234, 181, 0
401, 484, 0
108, 84, 0
342, 14, 0
428, 382, 0
456, 177, 0
308, 328, 0
455, 45, 0
404, 180, 0
146, 206, 0
205, 286, 0
447, 266, 0
109, 242, 0
397, 452, 0
120, 44, 0
345, 32, 0
90, 242, 0
137, 159, 0
339, 474, 0
350, 376, 0
224, 90, 0
296, 321, 0
150, 449, 0
4, 12, 0
173, 468, 0
213, 385, 0
96, 411, 0
464, 349, 0
49, 75, 0
135, 429, 0
313, 371, 0
18, 77, 0
141, 323, 0
98, 4, 0
430, 289, 0
429, 445, 0
319, 432, 0
262, 220, 0
303, 288, 0
361, 223, 0
223, 315, 0
344, 325, 0
250, 202, 0
91, 420, 0
370, 311, 0
26, 111, 0
54, 291, 0
453, 423, 0
235, 101, 0
451, 20, 0
264, 362, 0
488, 160, 0
235, 96, 0
486, 235, 0
289, 225, 0
384, 125, 0
262, 126, 0
230, 253, 0
11, 297, 0
488, 356, 0
197, 152, 0
33, 463, 0
47, 287, 0
79, 130, 0
344, 172, 0
390, 441, 0
370, 128, 0
91, 489, 0
407, 282, 0
269, 240, 0
