1550
3626
9818
2143
7452
1587
9558
3539
2239
2305
4759
989
4803
3062
7348
9295
6461
9174
301
2010
8602
3990
758
7301
8547
2470
1792
3053
7202
5304
2755
9370
5886
3773
152
5145
1155
8171
5828
1803
109
7276
1406
9401
5202
4325
9041
7666
6639
9169
6492
7652
4635
9386
5271
9586
4248
4708
9409
2952
599
1478
9492
7192
3387
1125
1258
959
4758
3567
3289
2730
4576
849
9129
8159
1543
7974
1703
7065
2096
5404
5026
9939
7514
1380
4066
1984
1795
6982
6184
6885
6949
7487
9953
5876
8456
6504
4420
646
3947
8500
1947
7939
8957
7653
878
6577
550
4796
8042
3783
9619
6027
7105
4509
5005
7609
9803
5458
7147
7249
7691
5658
9518
9351
8812
354
4954
2553
1162
8896
4709
4397
4029
1884
4104
9085
591
2261
6658
9115
4927
9329
4924
5491
5614
8645
1063
5980
1335
7997
7345
970
7084
2921
1175
5395
6283
7525
7749
1083
6271
1523
4920
3935
6547
2870
3428
6603
3569
3198
6257
296
7737
8155
864
1894
9805
4847
8604
321
5945
7861
124
339
272
3688
4645
5014
689
7490
5995
5684
2312
9682
232
4477
7729
8520
1590
1220
2840
5504
486
8630
5804
2504
8531
7416
8738
7456
3712
2413
4485
5693
9710
4705
827
9530
6010
5572
5874
1996
8211
7510
7578
4288
1113
5979
9964
2884
4897
2380
5368
7007
6661
9706
765
2557
9992
6751
8256
506
9335
467
3119
3930
5515
4504
4704
6883
4107
2210
6899
7209
2847
4326
2822
4
4063
7326
7559
4351
7129
3975
7908
7423
1906
7751
4238
6398
2036
9566
4828
9459
2997
6824
4316
480
3384
8267
4580
1912
7501
4020
6919
9098
4179
2856
1443
4815
5870
6314
4663
3324
8148
7992
1761
724
3649
1106
2069
9054
7082
8137
4682
2398
9534
207
6207
2274
9593
6672
2235
9419
8418
9484
6946
5990
996
737
1139
5542
2986
2401
6110
7168
5091
1525
6355
579
1382
5726
1414
3938
4975
9139
6286
4287
2438
3676
381
8757
3889
1546
2441
6562
6976
4640
9497
5487
7894
9074
2668
2590
295
4185
4786
3983
3661
7073
2542
6911
1637
2575
4515
5245
9366
6833
8940
3274
3745
8772
8040
7005
8932
9212
8418
2368
5881
500
3230
314
316
1778
7376
4266
4873
6934
5686
1756
1987
5951
5670
6475
9634
2362
4386
7348
4852
6888
9303
1939
8068
5482
1766
9357
3239
3260
681
9353
9203
3195
1607
1371
5722
1028
7235
7645
1156
6475
3663
1884
6348
4308
9310
8333
4273
9314
2582
1371
3292
4298
9444
1535
2465
2051
1178
1050
526
3532
7460
945
7024
681
648
7813
389
9516
9195
2525
5565
1516
2336
4419
538
3061
523
1321
1558
4316
7124
2534
3715
6412
4711
9280
8573
5074
1496
5767
9036
8193
6613
2764
9574
2163
2467
7997
8817
6125
1898
2990
6998
1374
5997
6740
2369
9492
8481
2897
8533
7083
5215
9144
2092
9234
5828
2300
4220
8619
4117
2009
5382
5535
1952
6190
9127
7596
1694
8390
4865
5549
3205
5586
2324
2004
666
7604
2070
1958
8403
939
9426
4867
2459
4246
9420
8832
6222
2854
4594
6211
7380
1156
5535
6282
6475
252
3145
5577
2124
2405
2106
9582
2784
3358
2331
4867
28
8263
8748
6127
1431
5833
8657
9385
6876
3379
6023
7786
3579
6562
6548
7501
6649
4460
7755
6454
5400
9449
9775
3885
4370
4494
3071
6134
6319
1895
9840
6798
5110
6257
8760
5395
8047
241
6870
8384
6711
5940
1328
9444
3101
9092
6100
4030
7289
6196
9024
4375
8012
6249
7293
5708
7523
5924
4069
5063
2213
2176
5573
3529
3308
740
254
6
8384
918
2070
6380
3038
893
2699
7345
1224
2321
6247
2377
4247
6817
7871
9185
4715
3168
2262
9467
9923
8653
7135
5638
3431
2733
2672
2457
2098
6023
4209
8460
7838
2668
8371
4626
5224
8657
4205
3271
5634
1659
7154
6530
3591
6726
719
2552
185
8706
8928
9725
6646
4394
5666
1639
6425
9426
3299
945
9389
284
2598
9640
9564
1783
3378
2006
9414
9366
4570
9512
3965
5560
4887
4814
5245
8168
3794
5535
5385
3555
3678
887
5281
7330
5425
7134
7903
7363
8611
101
1264
2376
4800
9808
4176
7836
9656
9627
7998
3517
341
8954
6927
8891
8764
6033
5790
5163
7612
2300
2033
3624
1684
8204
54
5655
9233
4495
3277
9493
7173
3274
2719
8527
8435
7606
5372
3197
2935
5653
5747
5357
4723
4783
106
376
1827
9357
7997
8723
1506
4385
7683
3203
9430
752
860
3933
5142
2142
8358
9098
9307
20
6735
6996
1156
2175
9941
5504
5364
8168
2457
2424
5271
8012
194
259
4530
6952
2190
6467
9895
3715
2451
7658
2248
5368
3204
7130
6531
3710
2735
4504
8267
3846
803
9932
8743
9152
5711
8664
900
7465
3093
4050
774
3685
29
9200
7899
5878
1638
3055
7664
8871
9063
3680
9501
5255
1172
848
2988
2229
44
386
856
5428
9215
5067
8623
1787
93
8697
7625
7308
2666
6977
771
1374
8733
6580
5316
5434
3415
3133
4577
9151
3585
1641
5723
7666
1567
4196
4870
9493
8161
348
9461
6898
2679
8132
3345
6181
3876
823
6681
5492
380
8151
2371
4235
8103
8273
2016
6488
2359
8735
557
4608
5846
9162
4805
9084
3513
6969
5941
7748
3457
698
9896
1605
48
8892
8656
4338
5608
439
950
3509
3103
57
9705
6000
4095
61
4018
9893
4138
1098
5544
1294
8778
3253
3791
5833
6662
8644
3340
2788
9569
8193
6995
4001
205
1414
5057
518
2173
875
7526
4564
4456
8634
9738
6657
1721
6043
4912
1476
8706
449
1976
1405
7441
3552
7966
5710
5803
9801
5631
5850
7525
1683
9676
6889
4178
8904
312
3525
3607
3161
875
3396
4170
2911
3545
8642
5176
2687
7469
1530
6533
2089
8190
5936
5086
8718
948
6110
9355
4411
2643
8682
3089
5974
1046
5969
8356
6420
6504
7826
1273
9860
731
3513
233
9932
8411
3606
2193
5998
284
2633
9671
4102
0
8717
6199
3107
1494
7646
2635
5631
8108
8344
6409
8637
3381
4574
2390
8158
7925
2371
6760
4560
9737
5416
7785
5860
5395
9699
8216
5386
6675
6696
4778
411
6706
5527
4814
7299
840
9665
9469
5033
6669
8840
2400
8092
9100
1107
1036
3563
5268
2698
2248
7201
6760
7636
9855
5212
2310
9419
3857
1353
3061
1017
9108
2765
5399
3777
6168
8210
6750
444
7639
1692
4635
6942
859
183
2961
2084
3386
7871
776
6413
2541
8827
7134
8770
9310
5319
280
691
415
4589
4198
9232
328
3472
3236
4576
7144
3876
2572
8338
4557
4845
2393
3086
2718
7778
2951
4358
4149
8910
6998
6286
8570
7459
9630
1381
7371
7979
4892
8511
3144
3356
8714
3857
3770
2599
2588
5225
1124
6878
1239
3015
3121
863
6924
1995
493
2514
642
7404
4208
3739
8130
5906
5269
5275
3884
1490
4024
922
1750
1699
8110
3225
7973
1009
6351
4039
3348
4222
8798
1618
4273
2240
2281
6504
6919
7307
4059
9561
2006
6555
8639
6010
6031
2141
4560
8809
1851
3579
3371
9176
4860
3747
5862
7800
4299
7796
4138
9684
2447
9412
7035
7414
2095
6032
1544
8362
8815
4160
3326
4541
2279
70
9543
9649
7890
7188
2720
5856
3361
6599
6280
5306
351
4307
6803
4510
9696
7036
367
705
1602
2159
9246
4621
278
9083
6418
3065
968
2271
1640
9809
9401
2561
794
1362
1262
9448
2856
6212
2993
6423
5137
8724
1973
8423
795
1501
1352
8560
7922
5059
5921
3971
2733
1036
7912
5958
636
9210
9685
2253
8926
4777
7040
6721
1263
6770
759
9408
5406
5610
9167
8370
2396
6586
290
4515
5632
299
343
2289
2264
4797
7903
7140
3194
517
7466
9140
1065
9089
2330
7948
9075
6425
6192
3290
9943
1716
3059
9743
6452
4420
6447
7113
7564
2687
9049
4698
2455
7931
6993
8725
9892
6085
6896
5125
1498
9053
7697
9866
9405
1218
4300
6609
8013
3846
9885
9326
504
7197
5315
7721
1359
4840
6405
306
4341
8200
2431
6562
2868
225
8618
2288
6058
3485
7593
1676
2209
8585
4271
1803
8461
1840
2943
3200
7902
5810
6587
2019
5045
7713
2846
2785
8930
6616
9813
1360
3372
9337
2295
9165
3802
929
3110
8276
3679
3305
3982
9435
3555
972
7226
7516
5067
7104
2646
5245
9195
9539
9422
2557
786
6755
2101
9133
4531
7610
1171
520
7156
501
7254
7665
447
3759
2889
3640
5142
2158
9634
5656
8083
1482
4244
7776
7725
6101
1461
4636
8007
7084
4906
8239
4211
3961
895
1583
4676
1953
9843
4157
3153
9905
4319
6752
1637
2160
3879
541
5187
7280
4265
101
2182
2551
771
1771
9943
6469
7009
4448
3096
5617
1268
1133
4621
1284
6878
2924
7754
3041
953
4244
2695
4192
5207
3663
3057
230
7684
7257
2218
6659
5816
3575
4400
6935
4185
2994
2747
4369
5806
6367
7216
9926
3454
3084
419
8955
3142
905
6345
5071
1001
6864
4571
2007
6162
5410
6679
7591
421
9168
7984
2682
1507
2419
5333
9375
1980
9672
4799
7040
9983
9467
5508
575
5021
5375
9401
5856
4780
2920
4725
7517
2295
2789
6992
7386
547
5581
9898
6358
284
8021
9208
2890
3469
1739
4553
8593
9535
754
3558
3492
9321
1498
9896
7921
4949
8523
4612
5223
5395
7774
8785
3697
4935
7096
9771
3980
1310
6308
3487
8535
958
8588
4070
4246
2539
1908
7215
1331
9189
5619
6629
3058
3375
6926
9696
3679
5803
8483
6775
7478
8096
1487
323
2270
2078
4364
2174
867
9864
9803
1130
1742
9040
761
1583
8164
5552
5553
3244
3192
7028
4751
3343
1277
3382
1948
2831
5516
465
8395
5126
4719
5623
46
93
9048
5454
7638
1807
128
1317
9525
1423
3600
6484
8226
150
9045
9169
648
2548
5172
15
619
6520
5514
8033
3688
4074
6494
5757
3096
3878
2358
4011
3633
8883
7411
7004
1081
9297
3322
5048
3752
4162
9039
5311
2568
4687
2640
3425
8556
6331
5931
8266
8442
9876
4957
789
8118
7541
7656
5441
237
7081
657
4449
2251
6411
1603
2524
4505
7529
6883
1637
4182
6390
8849
4502
5729
5630
7911
6405
880
8212
8113
1193
2705
200
7898
1877
9338
5396
3455
1058
5806
9125
3265
4204
3775
3639
5933
4947
9835
6681
1136
4449
6949
2736
6809
2795
2480
5432
1551
6881
2346
4148
8523
7839
851
5174
1380
6550
2296
683
3157
5797
8144
926
4861
3856
5171
6700
6035
3539
4034
4887
9876
16
2311
3620
6987
9220
3002
1664
2235
4295
3164
2975
4108
9458
836
437
3663
6955
7684
9197
3328
8892
7303
3510
375
9955
713
7758
4971
7074
2083
2679
6388
6853
2161
582
7867
7635
4674
6666
8464
8734
6620
5881
7336
6021
1401
2406
3649
6745
5682
895
6163
365
3718
8243
3188
3158
1622
4769
6104
5618
6417
8587
980
4965
1751
8537
2989
5358
6668
4618
2626
6216
9916
22
83
9692
7013
8463
1100
8356
4709
8453
4433
1690
6945
9032
7752
1679
8927
2776
4334
4664
7360
5833
1175
819
989
5971
9366
1335
3629
1637
3924
8569
3633
9305
3265
9531
8365
8307
7732
1135
8083
7379
401
3289
7100
2938
8342
7634
7862
5865
7761
6809
3669
5572
4498
7860
7255
3126
5112
5572
3225
5054
9419
646
4575
1207
4982
2086
2948
9142
8031
4974
142
1260
8756
3229
4732
5467
2371
4915
9968
7942
3238
7655
9475
9473
137
8587
489
5303
6617
3640
8194
2074
4059
7267
8170
2388
758
4289
8350
8268
7279
199
6763
3157
6111
2873
2453
6161
8883
916
6720
6883
5871
9272
4991
610
6031
9597
6151
3209
5052
8790
1327
1259
9512
2227
8726
5060
6886
2112
1296
6922
8504
9307
1694
7666
3575
7395
3114
1568
1481
8972
7340
3990
1602
2335
8204
7341
249
4541
6933
2194
2293
7268
4929
1639
7525
7979
4774
3914
2217
1655
8333
8691
1104
2272
9852
887
5182
9454
9871
266
4810
1805
711
4785
5490
6895
1150
6437
6843
7216
3974
8404
8072
6757
7822
9105
5862
6302
5792
6508
7523
3162
6858
9180
265
2746
5751
3768
3754
6110
777
1765
1689
5691
9717
5258
4019
4414
10
7311
7880
7290
607
8420
6538
8029
5881
430
4049
4369
6839
1500
3432
1118
2378
2135
6183
9708
7827
7000
4494
7830
4571
964
5691
7531
4281
7682
3113
3006
8836
8334
9957
5086
4661
2166
397
4191
6455
3761
5336
8967
926
3055
5804
3749
5985
4938
8672
843
7078
4828
3310
9916
3577
4732
1668
8976
8584
3520
5576
4901
5214
8710
1350
896
5050
237
3527
5025
4571
254
2255
3413
4715
7688
6163
244
84
1497
4262
6890
6051
7576
1935
3315
6040
6751
6184
6991
631
3319
9781
9814
2398
3387
942
645
4355
9918
2107
2566
3834
7721
3676
5326
5584
9037
1330
7503
5959
4502
9645
6782
6750
3088
8707
7727
9211
9075
9546
3484
2344
9098
2242
9589
7832
1634
7922
1489
20
6558
8813
3538
5591
5415
5569
3575
9330
608
3516
7307
8780
8743
3019
5514
4426
6071
7920
580
9047
8299
575
298
3904
7390
5093
6998
6383
1486
2182
3767
1665
9982
9057
6681
9958
8938
2338
7715
2885
9974
7045
9370
9865
1887
1761
7523
1917
1763
6713
1942
9967
1964
2842
5166
9427
7463
2977
2156
2679
563
6429
4779
7966
5333
6764
5167
7004
9945
9973
6727
3069
6482
3521
9409
5554
8210
7206
7132
2697
5606
3233
5177
967
4297
5536
2075
4181
6553
250
7565
7205
870
892
3379
7759
4470
304
9320
1548
2437
3531
3894
366
8650
6452
5669
4154
4389
8316
7338
19
85
463
17
9220
6646
2149
7190
2330
2167
1124
4540
7036
8201
5142
3680
3416
8964
7971
3480
5419
3732
1739
5445
620
6704
3506
5176
4917
4459
8936
6609
4639
275
5076
5026
3674
2663
3788
5538
8790
9510
4836
6381
8448
1890
6160
3241
9388
3796
9144
2355
5212
2969
7927
2632
3514
5881
2560
4816
744
5080
3006
4836
4977
1014
1845
8704
3307
1009
9370
5011
8092
3274
2812
7396
7814
2805
5278
351
1265
2506
7571
5981
7379
1576
7012
8514
5326
6633
6448
7407
3606
5505
6049
2839
5997
2912
7671
1055
925
3623
1379
319
5474
903
1682
2437
8018
740
7844
9449
4457
1289
5064
1466
5301
3990
9766
9127
6699
2884
6920
4618
5588
5960
166
79
2279
3510
5740
1907
1604
2461
395
8712
9562
4816
3817
404
454
8309
6229
1048
9754
8198
7179
6990
853
6677
5008
4636
9156
7197
1755
9350
4533
3443
1520
8624
4275
5516
6490
5104
1139
2743
469
9314
4586
7867
1829
5557
7961
5035
3670
739
7686
7638
6609
9886
792
9308
4503
7829
9470
1161
397
4006
3421
2278
7812
2621
645
1125
1524
4987
6574
6426
3397
7058
4052
1402
7082
908
6972
779
762
3644
7874
3610
1388
5084
9393
8684
2126
5173
6286
7404
7906
125
4353
9507
7302
4971
2016
598
2447
7798
5658
5833
3841
91
1373
8450
2972
2253
2501
8424
775
8759
7186
7321
8802
5885
7668
8475
8443
5217
3782
3994
4031
9313
852
9392
7818
4909
8938
3395
893
8086
266
9401
6043
4498
3721
2086
5872
3340
8567
4006
1262
4297
170
3526
2470
5093
3558
9948
9679
2380
7595
471
8710
2820
6538
5568
7315
9144
6661
8032
8883
4623
4291
1100
6807
7211
940
3644
4489
9790
4279
1641
8278
5605
1006
5828
3244
6585
6682
259
3745
2555
1297
6262
9869
8780
9416
1496
3478
8495
2358
849
3078
4022
9832
216
1019
2456
7818
3270
3242
6037
6312
6838
3105
448
5970
8024
5048
75
4197
2692
4419
6801
7964
6268
1415
4444
9826
5611
406
1735
4706
3625
4889
6573
4461
3984
2601
6400
3175
329
1353
4678
6911
3536
2532
3214
8233
3318
1007
4432
266
2564
4346
7795
3247
5997
9880
664
363
6781
2456
4803
4827
2686
6256
7081
3015
8569
3301
3557
3127
8041
9594
8837
175
603
9890
1074
5065
8897
8035
4189
9342
8854
3497
3556
704
1165
4788
9491
2167
3522
8816
1944
8790
1442
8575
8863
9513
6678
3397
460
3181
8777
1807
6807
8460
1115
8688
5424
3716
4607
8202
2836
355
7727
2790
9209
3218
5087
496
2259
6826
4335
8881
329
8759
6313
3642
5441
3736
6219
2923
5688
9791
9135
5853
8078
5179
5557
5122
9742
6064
2386
2071
7435
8368
2721
9522
2501
328
5000
8110
779
1945
982
5664
4715
6514
4201
6806
2581
5095
9244
1179
5261
6271
7421
7689
8815
415
6988
6011
9197
4639
9119
702
4
2534
9666
8916
2765
7064
5356
644
3487
1384
5598
1761
3825
8458
6036
4965
2733
3050
989
4058
8049
883
1864
6502
9663
6717
5540
4672
2099
2950
7290
5987
9413
3419
3542
9230
4580
5156
4511
4725
4835
106
3432
7944
8656
165
3775
301
7935
9286
8259
8700
4773
1981
1235
7576
4752
2984
2178
1269
2148
713
4582
3290
864
2035
2895
4869
4879
1985
5685
7173
443
9107
378
4312
9676
8886
2526
7089
5933
1966
737
3269
3392
9106
5252
5395
8584
4068
3545
2046
7107
2556
3176
8776
5883
3633
4451
1180
1922
9203
7665
2856
5499
9543
2487
3125
5944
3712
9765
4245
8541
4455
9756
6760
8883
8182
8333
1643
9513
358
6205
334
4645
7987
5156
7151
2728
7001
549
72
6080
5566
1672
114
4455
3292
8371
5141
2312
5464
2391
7309
2274
7876
935
9466
8597
2781
3139
7092
7465
2946
4546
905
7293
9298
5854
5173
2589
3792
1497
7197
2366
9318
9726
984
3843
5411
7378
330
3009
5299
8170
8862
5679
8265
2390
9695
2007
2331
3818
2979
138
9722
6317
1637
9168
4509
2362
8141
3629
8073
4276
4542
