86, 1591
89, 2787
307, 1912
94, 6
163, 2914
176, 2427
233, 407
439, 84
347, 2535
471, 1533
98, 1524
54, 1737
466, 2986
274, 583
12, 854
465, 2035
257, 1319
383, 2145
44, 1730
391, 1861
305, 39
499, 390
315, 1545
321, 697
131, 2747
471, 233
426, 1710
104, 59
224, 927
428, 624
275, 2269
295, 1828
332, 152
421, 12
349, 981
211, 1021
500, 1526
178, 1526
428, 766
260, 1055
310, 2122
141, 2659
383, 1979
423, 1457
197, 801
426, 1849
63, 945
283, 353
319, 2214
244, 1143
67, 2726
182, 1625
356, 2931
451, 2616
232, 850
199, 131
415, 1944
254, 904
464, 1992
226, 573
381, 1370
156, 1029
417, 1558
242, 134
266, 2805
268, 2046
177, 328
483, 1494
418, 1970
302, 1247
376, 288
22, 1521
489, 1521
141, 2107
183, 2777
359, 1580
213, 1743
244, 2200
189, 2198
142, 1334
378, 2425
71, 2534
245, 1896
116, 1584
160, 2815
446, 440
324, 373
288, 461
162, 1586
370, 656
314, 177
413, 2418
187, 189
17, 2606
174, 1024
140, 806
153, 1542
335, 26
152, 2321
112, 1763
200, 1886
223, 1885
164, 692
122, 587
485, 365
406, 1700
425, 996
367, 1787
233, 838
324, 1228
305, 1294
235, 2626
25, 1353
228, 1022
37, 336
126, 1938
405, 2627
206, 164
351, 2098
185, 294
35, 1727
60, 146
137, 1831
451, 1162
418, 2160
79, 1661
297, 1189
265, 774
257, 2948
125, 1199
377, 40
68, 2547
295, 1722
194, 2984
378, 2842
443, 899
354, 2052
77, 382
126, 1174
447, 2396
486, 910
421, 1950
139, 904
269, 2950
101, 292
450, 2800
28, 2222
124, 704
382, 2703
20, 2286
468, 777
345, 102
456, 656
340, 836
8, 332
444, 693
118, 963
439, 1697
183, 875
394, 421
421, 365
348, 469
101, 1149
475, 2126
447, 2942
223, 128
274, 371
271, 547
88, 1111
493, 905
170, 1086
402, 2985
424, 2517
208, 1260
149, 1396
438, 360
110, 1300
454, 138
105, 2026
33, 2936
308, 91
347, 445
172, 2307
145, 2629
134, 654
313, 1664
77, 103
458, 404
58, 574
201, 1626
420, 76
11, 1731
378, 1035
169, 1964
324, 1401
386, 2964
183, 851
277, 2110
374, 565
235, 2865
338, 2951
195, 5
224, 1092
25, 729
462, 156
217, 2544
233, 745
495, 2793
47, 2783
288, 1117
405, 1997
270, 1980
91, 832
100, 752
231, 366
149, 1747
380, 2551
8, 909
68, 1120
422, 1877
498, 1274
164, 2944
99, 2911
116, 1216
299, 1436
151, 1700
485, 2682
189, 949
32, 2215
436, 8
356, 2650
370, 1455
240, 283
391, 27
253, 152
172, 1548
77, 964
327, 1360
235, 1065
167, 2154
492, 655
79, 2802
428, 437
7, 1403
326, 388
426, 273
396, 2380
48, 2281
435, 909
329, 2923
423, 975
311, 842
415, 1805
333, 764
225, 1612
108, 940
78, 490
119, 2621
397, 994
447, 2065
277, 1676
162, 2368
312, 1016
26, 2868
259, 107
428, 2457
405, 1290
66, 810
313, 1851
147, 2286
484, 932
491, 1090
171, 2987
120, 1736
101, 716
123, 2421
241, 2809
19, 1064
12, 163
163, 2853
222, 2215
455, 2882
260, 2316
459, 385
401, 561
76, 1404
257, 1716
420, 2159
256, 2780
280, 255
404, 1320
449, 2289
407, 1488
121, 1805
283, 1273
104, 2800
427, 2607
235, 137
143, 2490
220, 1355
201, 1331
452, 1961
116, 2792
203, 2441
14, 2747
270, 2591
369, 425
203, 66
110, 982
17, 1531
402, 821
445, 537
202, 829
266, 42
459, 272
211, 788
456, 29
160, 1418
400, 221
223, 282
488, 2634
116, 1819
433, 2243
315, 1787
490, 2757
246, 1174
277, 1596
443, 1900
328, 1663
432, 2913
164, 1985
42, 1432
150, 123
59, 457
346, 174
302, 7
490, 223
478, 2191
487, 2508
458, 1322
479, 1619
436, 1651
155, 569
212, 1060
395, 2303
32, 1555
189, 2769
234, 2154
7, 1633
442, 244
414, 552
182, 1627
232, 1820
380, 935
445, 1477
164, 2105
93, 2762
328, 837
185, 2065
228, 2782
345, 2219
426, 731
259, 269
43, 191
95, 1507
88, 559
156, 1511
417, 468
46, 2935
268, 1688
380, 893
289, 2581
204, 392
417, 505
187, 103
321, 1038
261, 1262
191, 2014
458, 1193
377, 67
343, 117
465, 412
79, 2894
153, 212
36, 1395
3, 85
399, 2710
309, 2370
301, 1903
196, 1002
276, 1024
406, 71
491, 323
314, 1110
2, 1680
272, 98
397, 2403
102, 1305
495, 2522
339, 2512
467, 939
415, 114
316, 2556
404, 899
451, 2333
308, 2020
441, 2951
327, 2063
47, 136
332, 681
282, 766
307, 2863
195, 2913
235, 2721
330, 2382
387, 2092
377, 685
79, 2444
324, 308
41, 710
141, 2260
41, 275
230, 705
67, 1240
365, 2968
300, 354
374, 713
436, 248
76, 955
254, 1689
150, 2622
473, 44
492, 1156
20, 1270
235, 2217
34, 925
9, 498
292, 1571
242, 1906
236, 351
345, 1870
94, 1862
448, 2146
250, 1351
52, 1589
341, 1859
455, 2560
373, 2859
151, 2556
389, 452
128, 2048
297, 341
131, 2714
216, 2073
270, 2709
180, 416
456, 2656
307, 912
246, 1592
420, 2304
439, 1379
396, 1077
358, 429
83, 1190
238, 1961
62, 2154
452, 1933
288, 34
217, 247
206, 2312
58, 662
188, 1710
413, 241
62, 1420
416, 2868
299, 2849
418, 1450
302, 2578
147, 1748
363, 1217
134, 2862
160, 125
470, 2883
233, 399
284, 2623
441, 2053
357, 2506
304, 807
388, 2717
391, 54
176, 1413
28, 1348
327, 1428
399, 87
262, 2582
472, 2576
253, 1929
390, 2848
459, 1318
449, 729
41, 733
230, 2298
288, 2725
229, 2365
309, 1680
363, 211
408, 1172
485, 2847
336, 2158
120, 1375
282, 2970
332, 654
317, 1357
21, 2559
307, 2547
249, 2556
431, 1533
220, 693
459, 986
404, 1925
284, 694
326, 1765
248, 1776
435, 284
380, 2005
296, 478
348, 890
465, 2152
261, 550
360, 2190
454, 1966
487, 2308
194, 650
139, 2529
93, 2869
120, 394
133, 2715
366, 1371
365, 627
350, 1567
143, 163
39, 1432
36, 498
185, 1490
25, 2448
180, 362
495, 1914
92, 437
46, 1266
224, 443
11, 540
332, 1890
249, 2891
74, 2598
463, 217
294, 158
253, 1861
70, 554
313, 567
298, 2056
133, 607
239, 1302
218, 844
491, 378
79, 2848
414, 1662
208, 1816
500, 31
138, 1378
11, 92
390, 1071
99, 1043
462, 1088
136, 2239
248, 12
93, 430
185, 2095
256, 2927
453, 2255
318, 2297
2, 2456
89, 998
162, 1783
407, 2830
54, 532
403, 2328
153, 2904
8, 2395
155, 686
122, 179
444, 206
126, 2559
69, 604
24, 2439
14, 2128
160, 2347
377, 662
222, 2631
211, 2981
143, 331
400, 765
238, 2622
265, 417
151, 506
375, 2741
303, 762
11, 913
321, 1321
270, 394
434, 1796
242, 1234
404, 2263
58, 2926
420, 158
19, 1062
42, 657
240, 2481
354, 2691
382, 2302
330, 700
441, 2975
440, 761
306, 952
354, 2101
191, 678
279, 2634
396, 890
204, 2584
132, 348
296, 318
487, 1564
166, 2998
199, 2620
234, 865
363, 1826
259, 340
291, 2034
404, 1019
4, 951
185, 2698
483, 834
25, 1059
401, 643
346, 897
399, 228
261, 579
255, 1102
89, 700
275, 282
303, 919
241, 1690
200, 407
384, 296
127, 741
335, 1476
205, 771
40, 2251
367, 2077
281, 50
7, 559
47, 538
148, 161
439, 2126
208, 1064
70, 1720
243, 2670
255, 1569
146, 1705
153, 55
490, 593
20, 1128
220, 1315
342, 1517
38, 1243
407, 2570
392, 1310
152, 1314
424, 1269
86, 1288
379, 1837
147, 0
366, 836
391, 1651
18, 510
276, 1281
364, 2285
162, 441
24, 1399
207, 716
265, 2881
180, 2184
363, 890
47, 905
417, 354
477, 2905
254, 1353
305, 631
287, 436
386, 86
42, 1498
275, 2812
282, 2324
159, 795
95, 2451
220, 2893
417, 772
132, 904
409, 1142
490, 545
136, 996
199, 2844
65, 2774
235, 1730
138, 738
307, 67
455, 2592
485, 2771
259, 419
184, 657
283, 2979
298, 2562
469, 695
498, 357
6, 415
63, 1031
208, 1112
197, 870
400, 1337
478, 1275
496, 2987
64, 2729
436, 2909
17, 1946
355, 300
436, 1320
65, 1730
224, 744
489, 502
327, 2027
54, 857
381, 2775
250, 1073
263, 1579
74, 646
23, 23
72, 2201
462, 129
255, 621
233, 1628
19, 2245
153, 2547
1, 1933
238, 1636
94, 1637
443, 455
120, 952
160, 605
373, 2211
148, 2862
145, 313
171, 1155
158, 1354
252, 2586
111, 1564
13, 887
446, 1426
452, 2423
211, 1792
148, 1856
383, 945
57, 2557
406, 2952
13, 302
305, 2586
473, 1891
71, 1357
112, 1521
243, 434
43, 1862
280, 2413
75, 1710
93, 1437
476, 351
283, 1599
270, 1394
145, 2277
90, 1440
106, 2900
442, 2524
411, 2027
86, 2760
282, 2543
32, 447
174, 475
387, 2401
457, 1197
157, 2989
371, 476
26, 368
365, 2750
321, 68
391, 277
62, 2453
166, 313
221, 2124
266, 1601
239, 1750
200, 531
290, 1903
496, 2075
108, 608
163, 1248
49, 1856
108, 1690
134, 310
301, 784
23, 2988
289, 558
176, 1263
204, 1227
113, 203
487, 896
67, 915
214, 909
218, 1055
184, 2446
105, 926
327, 674
13, 1675
357, 2364
339, 1068
375, 2978
58, 2524
264, 1091
457, 1635
409, 1718
33, 2603
465, 1029
310, 523
256, 2504
185, 1585
147, 1262
475, 2024
299, 1215
332, 33
393, 1092
98, 982
414, 1312
245, 1394
267, 2600
484, 588
86, 2197
151, 450
4, 2979
266, 2681
134, 2466
233, 1523
439, 2393
121, 18
88, 2082
278, 336
269, 2144
391, 449
152, 2638
160, 1848
15, 281
127, 1623
221, 957
479, 1010
309, 190
125, 18
312, 213
400, 2959
339, 2898
56, 447
170, 1888
220, 1099
388, 2348
277, 2073
387, 463
191, 1916
471, 987
20, 1127
211, 2418
51, 1065
187, 2146
267, 1129
442, 1677
141, 2619
368, 2261
136, 1403
37, 2685
304, 902
134, 570
225, 1089
316, 1104
303, 1865
367, 569
303, 217
160, 1104
101, 2657
495, 1564
74, 2251
120, 360
140, 2266
37, 303
132, 2355
249, 909
452, 1526
488, 1024
463, 1165
16, 2397
130, 250
288, 1855
457, 352
335, 619
371, 832
92, 2023
188, 1348
210, 856
377, 1367
159, 507
445, 715
390, 1787
202, 1669
341, 2273
250, 699
421, 2962
358, 709
437, 210
226, 2665
478, 1278
351, 864
299, 2287
225, 1311
95, 1371
132, 1840
500, 957
95, 1566
415, 892
168, 336
486, 1250
451, 2020
280, 1955
18, 1109
63, 2653
50, 247
248, 1758
40, 2535
362, 641
399, 2984
37, 1403
249, 2808
407, 2706
113, 1377
166, 2564
433, 1747
26, 2029
398, 1694
360, 2203
202, 2262
473, 100
400, 1687
60, 623
114, 1728
168, 208
400, 1596
214, 196
373, 2683
341, 972
252, 575
121, 719
206, 2546
238, 80
406, 189
499, 2423
66, 52
207, 2107
105, 789
304, 2165
50, 1239
158, 416
180, 1422
23, 2884
463, 613
377, 1369
408, 2461
154, 2345
381, 2257
316, 1286
120, 396
480, 395
470, 1194
246, 551
132, 1540
258, 1660
182, 1151
170, 373
85, 156
208, 1685
171, 2417
344, 1661
100, 222
191, 2973
44, 2389
427, 2132
360, 1192
51, 403
243, 1046
281, 2699
158, 2336
283, 1047
320, 1422
496, 220
305, 2095
301, 100
145, 2261
9, 138
409, 1103
321, 2728
229, 1952
376, 1141
261, 125
11, 2170
487, 2171
117, 627
263, 678
119, 1379
215, 791
227, 1856
224, 2805
490, 861
361, 2684
436, 2886
247, 211
160, 462
202, 871
206, 421
308, 845
402, 2694
424, 773
41, 1916
187, 178
250, 1692
367, 2438
91, 2533
179, 2594
295, 524
251, 2778
430, 2420
157, 1183
400, 931
102, 1399
234, 688
397, 2687
298, 49
401, 2072
214, 1097
325, 2407
84, 1125
224, 1319
85, 1767
162, 1345
228, 2172
140, 387
278, 753
64, 2543
289, 1131
181, 1178
42, 2115
71, 1317
412, 1447
14, 2304
138, 2142
341, 1394
141, 748
10, 2061
228, 43
349, 1695
317, 707
214, 2491
213, 648
492, 2862
31, 433
116, 2317
1, 233
67, 2779
60, 2214
27, 369
356, 2887
353, 2494
1, 2811
61, 1782
60, 2908
163, 2743
241, 2651
399, 1798
170, 1781
436, 1616
449, 1346
385, 2405
128, 198
28, 2742
26, 1824
421, 639
493, 2793
99, 1392
39, 711
290, 2589
38, 623
313, 1406
150, 2488
22, 0
321, 204
173, 842
113, 906
398, 1884
414, 2110
143, 2762
294, 2163
218, 2878
468, 511
168, 2811
237, 1676
488, 2398
154, 1902
418, 527
198, 576
179, 1630
111, 473
234, 2840
146, 749
70, 2376
52, 454
248, 938
64, 2969
352, 1859
374, 1381
319, 1484
293, 621
370, 1861
230, 2807
56, 2759
287, 525
247, 946
303, 2505
249, 29
387, 2518
409, 3
397, 2777
147, 882
268, 1190
474, 1256
233, 1511
9, 2126
169, 679
427, 2846
409, 1429
300, 2201
95, 164
32, 2425
386, 1967
391, 2149
373, 602
203, 19
85, 1956
195, 895
238, 2544
172, 1778
332, 2418
162, 2190
23, 79
76, 2013
396, 133
485, 1682
315, 2025
336, 2503
395, 2992
351, 1261
349, 1501
396, 2787
221, 345
121, 581
485, 441
98, 925
368, 1545
345, 1807
284, 1326
6, 1367
57, 130
193, 1165
71, 2056
446, 1048
390, 2774
199, 2849
133, 2227
440, 302
328, 1462
236, 2135
99, 478
260, 333
72, 2416
231, 158
356, 2115
62, 1902
324, 1608
489, 1375
91, 156
133, 2145
296, 2439
128, 556
302, 631
132, 538
78, 606
293, 2778
266, 643
375, 1103
9, 1356
332, 495
179, 49
454, 1695
147, 2011
420, 1844
363, 235
292, 2252
96, 903
58, 251
500, 2175
107, 2321
320, 550
28, 1801
104, 1028
306, 1061
302, 208
407, 2829
57, 1683
436, 1622
368, 1463
403, 1303
155, 1551
384, 2790
99, 184
32, 2905
267, 213
489, 169
438, 392
17, 705
183, 148
196, 1196
363, 2144
445, 2980
42, 1094
295, 2983
67, 1233
346, 1132
54, 229
166, 1636
56, 1480
6, 2395
462, 1430
494, 1229
67, 1722
495, 1357
328, 2048
431, 601
129, 121
18, 2585
142, 1405
199, 1999
147, 2804
337, 2336
374, 592
131, 1096
92, 2794
166, 1396
391, 85
18, 361
383, 2072
399, 2186
259, 140
379, 2710
423, 2253
265, 1112
29, 1086
476, 2504
200, 2989
35, 815
37, 318
365, 448
189, 2699
390, 217
429, 1464
165, 2441
414, 364
184, 155
300, 2532
166, 2113
294, 1122
51, 596
330, 1483
391, 1687
287, 239
369, 2980
129, 41
250, 894
158, 1581
195, 893
239, 137
36, 1040
441, 436
383, 2069
287, 1444
297, 2060
329, 2420
488, 1034
163, 2794
150, 1801
15, 1054
378, 1372
256, 2854
253, 2663
168, 1262
212, 981
275, 1965
341, 1332
256, 1843
276, 196
243, 1407
449, 2141
128, 1933
447, 381
190, 2380
59, 2488
185, 1590
143, 2746
39, 1200
118, 2192
54, 1745
70, 2629
379, 1784
26, 1480
102, 1966
186, 443
54, 2666
493, 2006
368, 2283
181, 1970
444, 400
13, 2865
360, 955
376, 978
82, 237
6, 2612
417, 395
237, 2680
436, 2013
470, 2736
195, 1823
22, 2686
495, 1193
221, 2261
20, 233
134, 588
413, 2849
380, 1329
489, 466
300, 2090
177, 1071
171, 2438
391, 599
173, 2298
438, 10
365, 2896
464, 1300
16, 1002
281, 720
425, 404
17, 2460
65, 1752
425, 2618
316, 2466
466, 1590
180, 435
180, 523
359, 1988
431, 1337
57, 2400
281, 633
380, 996
404, 2841
115, 1515
309, 1330
253, 529
254, 246
199, 1977
376, 1736
394, 2994
178, 92
392, 316
155, 173
453, 2456
182, 2757
305, 590
481, 1967
289, 720
191, 2976
36, 2276
172, 956
49, 1999
207, 1581
55, 2612
438, 671
32, 2443
218, 1623
15, 2343
226, 2465
29, 136
399, 2712
275, 735
174, 1848
342, 1400
374, 2551
303, 633
456, 2010
118, 841
389, 2237
250, 1428
55, 946
412, 2579
76, 1403
230, 2040
124, 1450
295, 127
443, 1725
105, 752
332, 1895
442, 2376
320, 721
95, 2519
378, 48
250, 1701
395, 1544
164, 2590
143, 583
189, 2269
184, 1572
249, 1204
75, 2053
283, 1001
253, 144
195, 2028
170, 2705
85, 2708
450, 1483
453, 818
402, 2626
195, 1206
222, 2156
5, 2101
353, 2312
79, 1564
201, 2350
387, 974
485, 806
133, 201
25, 1261
323, 943
218, 2546
427, 1377
351, 959
477, 1173
80, 1595
148, 1672
301, 2612
164, 2206
43, 2098
358, 166
467, 686
265, 779
68, 921
130, 2341
56, 617
387, 1663
110, 1862
88, 2705
199, 995
66, 469
84, 832
353, 2390
360, 2669
82, 2509
435, 2784
286, 2278
299, 471
71, 2455
414, 2074
329, 1456
489, 143
355, 1333
180, 1577
272, 921
323, 1746
453, 933
217, 53
151, 254
356, 1953
162, 1341
451, 2920
372, 143
304, 966
380, 1013
372, 2820
178, 1638
28, 1803
137, 432
342, 1374
124, 1013
87, 265
330, 2138
361, 2822
244, 611
488, 1678
269, 2258
341, 2780
79, 2439
78, 2421
189, 1753
394, 1540
249, 2627
406, 1706
295, 866
389, 1850
159, 2466
289, 395
212, 1271
247, 1646
30, 2697
269, 919
499, 2729
418, 2681
430, 937
238, 1746
389, 208
260, 1198
90, 2243
371, 951
397, 2055
229, 1161
116, 2362
295, 1828
308, 1673
314, 507
12, 2356
378, 1769
384, 2950
494, 1547
39, 1617
15, 2368
310, 2542
218, 2390
209, 1906
466, 2838
449, 292
30, 2247
57, 1610
9, 472
325, 1740
103, 2823
261, 2152
444, 943
147, 2316
45, 302
141, 571
302, 1252
50, 486
184, 2151
67, 2516
351, 684
417, 1964
460, 1680
266, 871
338, 2924
413, 1107
431, 2615
300, 2249
329, 2965
413, 2448
383, 2333
57, 187
258, 2649
345, 1565
342, 1702
142, 1477
42, 531
49, 1412
387, 903
45, 1027
246, 11
58, 2018
432, 46
370, 627
368, 1455
169, 685
31, 2021
9, 1181
460, 1411
356, 2374
115, 1767
32, 393
212, 1473
6, 352
323, 2801
435, 1660
110, 2273
472, 622
263, 1106
340, 2994
42, 2994
460, 192
243, 2282
55, 1908
315, 1686
187, 2334
117, 1014
304, 300
389, 1514
356, 227
363, 842
357, 1228
401, 2034
416, 1338
464, 725
443, 2162
266, 2849
58, 124
346, 2344
93, 1934
19, 2175
498, 904
354, 1663
438, 1050
384, 208
295, 129
245, 661
490, 2848
267, 947
26, 1027
107, 2092
194, 1175
253, 1168
102, 1350
27, 427
25, 1767
281, 2473
124, 2625
120, 2845
119, 2879
417, 1625
246, 1351
283, 1576
470, 2725
165, 1887
322, 2061
331, 1586
448, 2550
253, 332
17, 1937
268, 1598
230, 497
140, 864
310, 1916
193, 1853
277, 2239
356, 488
170, 2153
487, 2773
265, 934
107, 1563
275, 1547
370, 725
399, 321
317, 231
7, 1658
151, 1350
176, 1073
444, 1016
335, 1998
354, 2195
470, 55
322, 2162
231, 1106
439, 2433
91, 158
36, 585
94, 2218
179, 2967
483, 2445
370, 655
67, 1741
325, 2943
312, 67
126, 2014
404, 1035
195, 2003
61, 1593
331, 777
320, 359
264, 2640
285, 2427
412, 2439
290, 1061
133, 2589
450, 1118
227, 2304
226, 44
286, 764
104, 75
98, 997
245, 2878
460, 1784
53, 1410
342, 539
222, 2291
122, 517
121, 2447
403, 2024
240, 2969
130, 67
1, 2745
209, 92
412, 2486
14, 1163
274, 613
19, 137
302, 147
445, 2231
157, 1022
159, 2059
36, 458
265, 1398
297, 1352
270, 505
344, 2425
44, 2469
117, 1064
315, 2961
436, 941
341, 998
209, 1941
317, 279
46, 2727
186, 372
310, 2482
199, 462
79, 802
89, 917
356, 985
133, 2156
270, 970
188, 1470
301, 392
269, 1154
311, 2341
411, 1906
369, 1848
300, 2802
30, 1557
390, 483
241, 1496
165, 1279
431, 2548
190, 607
370, 1654
338, 1688
297, 2943
294, 268
193, 910
444, 60
293, 1139
20, 1691
486, 2896
393, 1502
465, 1475
123, 936
395, 2342
37, 2058
256, 47
471, 895
123, 1962
420, 2614
357, 2357
234, 1521
277, 172
263, 2226
477, 1539
11, 1132
12, 282
260, 863
284, 2938
119, 2862
218, 22
320, 1819
325, 2685
350, 2011
399, 1923
184, 2643
248, 2751
156, 1841
253, 1320
3, 528
460, 576
386, 811
380, 618
292, 1770
171, 1104
60, 754
84, 1333
489, 1815
406, 2866
213, 2757
71, 1796
360, 1468
428, 1178
136, 1314
118, 1340
147, 1218
474, 1375
427, 2050
436, 2269
337, 1074
297, 2249
84, 176
384, 2952
333, 1305
377, 19
182, 1562
290, 689
24, 972
250, 2169
318, 854
258, 1902
47, 773
142, 2603
192, 878
490, 2909
255, 1307
11, 904
40, 2412
126, 1185
395, 5
268, 179
363, 1382
276, 2166
226, 2088
53, 1665
329, 658
499, 240
304, 2675
29, 641
347, 922
269, 1288
103, 2842
81, 1330
496, 337
431, 1974
204, 128
208, 495
21, 1004
377, 2503
297, 1475
134, 1262
95, 82
104, 1744
285, 1947
379, 1116
61, 2748
249, 968
441, 1786
446, 1290
280, 1061
265, 1514
231, 92
444, 1547
128, 2914
1, 432
210, 200
61, 2139
106, 1778
101, 1112
495, 606
19, 2393
202, 1534
194, 1219
380, 1551
119, 1293
228, 1194
138, 1352
136, 2312
353, 2458
440, 314
432, 813
23, 1486
345, 364
56, 1389
46, 2862
193, 2530
402, 1483
402, 365
65, 1883
496, 341
260, 2766
16, 2301
325, 110
208, 1517
199, 1768
345, 305
74, 2386
172, 2094
443, 2990
167, 209
72, 2293
363, 58
251, 503
453, 285
228, 694
446, 609
380, 826
88, 2457
146, 1503
66, 753
301, 1579
495, 1514
172, 283
148, 662
351, 1765
296, 560
465, 1912
118, 1770
108, 608
323, 2426
61, 678
221, 1486
372, 388
39, 2212
149, 1622
82, 502
328, 1028
358, 291
345, 844
115, 1801
252, 284
231, 2974
127, 1029
469, 830
422, 1419
191, 2607
239, 1897
481, 1888
388, 2521
283, 2192
322, 1889
101, 483
236, 2937
146, 1998
177, 377
386, 1492
299, 2112
92, 1801
429, 1223
277, 1091
348, 1683
199, 2249
102, 1682
471, 1948
23, 2141
18, 2410
417, 723
226, 497
332, 430
218, 168
64, 1630
408, 361
240, 100
415, 955
487, 2618
269, 172
484, 2077
193, 2052
46, 1796
454, 2949
58, 2355
134, 2030
7, 2240
170, 1270
341, 1422
420, 109
482, 208
429, 550
494, 2917
204, 753
429, 1921
329, 654
115, 2725
323, 1564
207, 453
291, 2055
205, 631
117, 663
207, 2259
260, 1509
443, 1150
482, 2777
463, 1289
26, 1350
262, 1014
75, 2943
243, 2098
470, 1372
460, 2838
495, 2884
82, 2712
181, 1950
151, 1134
304, 1891
317, 506
45, 2354
165, 1393
9, 639
416, 1350
378, 1190
488, 2084
239, 409
362, 2792
255, 2697
157, 2500
54, 1018
345, 568
48, 103
429, 1532
27, 1012
185, 192
244, 482
288, 1556
437, 508
188, 891
6, 505
3, 2970
450, 779
380, 103
281, 924
103, 1981
473, 2528
202, 1075
93, 1053
171, 156
42, 2558
303, 1313
109, 1280
64, 794
166, 1532
15, 2813
417, 2675
28, 2645
450, 1704
199, 635
495, 518
449, 538
90, 674
284, 1372
336, 916
280, 1802
25, 1207
199, 2329
245, 2696
392, 2184
428, 875
377, 2982
420, 2776
202, 176
37, 1989
466, 432
406, 1893
33, 1409
242, 1446
23, 1879
123, 912
401, 828
292, 1282
82, 2092
151, 2510
425, 50
215, 1668
146, 323
14, 2285
475, 760
421, 206
441, 242
261, 2988
376, 1286
380, 1998
95, 2400
485, 2982
358, 123
475, 1770
130, 2382
4, 615
107, 2331
203, 1525
366, 2449
335, 1893
408, 209
55, 2342
496, 2429
4, 1072
309, 1324
118, 768
261, 2499
443, 1793
130, 853
293, 1228
225, 1355
271, 2678
345, 2759
180, 1336
490, 882
180, 684
72, 278
167, 1939
204, 637
148, 763
25, 1592
431, 2342
443, 2788
235, 2598
154, 718
208, 1196
26, 2583
64, 2223
492, 963
469, 98
116, 52
228, 422
177, 1379
145, 1719
3, 1030
68, 403
156, 101
434, 876
95, 2727
376, 1591
305, 1273
334, 2853
157, 1598
384, 967
28, 251
268, 2782
338, 2465
51, 496
96, 1261
77, 1895
459, 820
272, 515
157, 2984
153, 640
412, 1632
483, 1122
320, 1723
148, 1837
75, 213
78, 697
220, 1618
363, 2418
31, 1767
322, 269
297, 1776
363, 2783
187, 1020
57, 1912
301, 788
230, 1324
130, 67
463, 1178
139, 880
175, 2942
130, 454
363, 409
81, 1916
472, 976
103, 104
9, 2498
191, 2023
19, 1274
39, 1888
58, 2781
360, 382
374, 725
61, 1276
329, 2596
426, 242
129, 2989
248, 686
206, 451
242, 1654
273, 61
98, 2138
362, 857
163, 287
348, 381
347, 1549
396, 1118
285, 2866
98, 1895
230, 295
400, 1547
236, 1136
11, 2389
331, 825
363, 2572
148, 532
135, 2869
293, 2120
487, 1720
396, 2475
308, 2933
311, 951
142, 1255
397, 203
76, 254
135, 976
332, 1931
194, 2780
281, 2892
469, 1260
187, 1807
499, 2625
298, 1131
350, 2149
184, 2154
87, 871
201, 1395
228, 2459
397, 1029
68, 1157
233, 1285
414, 2523
74, 2272
223, 1658
335, 2068
93, 2753
233, 1088
419, 2418
118, 2093
435, 1615
332, 1820
364, 689
400, 1094
193, 675
300, 522
97, 1837
221, 2489
89, 1588
349, 1590
232, 1527
324, 1346
28, 2349
86, 748
171, 242
139, 2709
419, 345
219, 736
238, 874
66, 1608
237, 788
59, 2029
309, 1766
272, 102
110, 1992
126, 594
57, 15
426, 546
436, 133
481, 1574
452, 1046
245, 1048
342, 1702
318, 1301
154, 2425
221, 2919
258, 1779
211, 527
116, 2342
317, 1704
181, 2593
260, 2959
5, 1213
44, 831
11, 2707
167, 1818
173, 1089
27, 2393
376, 988
336, 1820
476, 1304
238, 2381
467, 2922
339, 510
61, 1926
462, 1315
228, 900
67, 1354
69, 1325
73, 1071
375, 2052
43, 516
343, 856
495, 1310
302, 1654
238, 2058
480, 2515
289, 1446
489, 1455
472, 365
149, 1036
129, 1842
464, 958
128, 254
125, 1029
343, 1356
302, 2453
425, 2705
214, 599
200, 2521
466, 2896
315, 1020
173, 2727
277, 752
126, 108
13, 2768
372, 1700
212, 370
434, 433
314, 2135
5, 2350
260, 2059
311, 2336
278, 1836
434, 1096
277, 2063
314, 62
451, 2485
323, 2159
168, 1933
184, 1231
478, 748
133, 1369
153, 1391
357, 1746
458, 1713
112, 838
249, 1752
138, 1243
289, 257
374, 1698
95, 348
361, 1772
271, 450
316, 2320
181, 1530
494, 1242
472, 868
41, 952
309, 2933
201, 470
131, 1785
298, 2857
190, 2310
12, 1760
322, 188
202, 223
90, 571
219, 2166
90, 2134
362, 1246
327, 1675
403, 619
466, 564
224, 692
117, 927
162, 2695
325, 2873
101, 2338
443, 1234
279, 1477
418, 650
40, 1259
211, 34
328, 1976
401, 1244
6, 348
76, 1924
326, 2212
321, 2416
13, 2578
331, 2475
464, 2563
337, 2495
123, 2422
116, 2616
65, 365
204, 702
246, 2155
68, 1027
440, 78
491, 995
259, 118
354, 1520
448, 2859
72, 1109
265, 949
168, 1403
363, 404
458, 159
132, 792
289, 692
93, 123
285, 173
109, 2219
121, 2651
256, 2276
229, 948
438, 2681
219, 1861
486, 155
235, 1846
399, 2410
480, 1371
288, 2048
373, 2276
306, 845
130, 914
391, 2549
464, 2809
52, 2854
332, 1069
106, 750
461, 1693
207, 2313
85, 517
269, 983
491, 1231
57, 924
254, 2865
14, 2441
397, 2810
387, 2961
38, 2309
51, 918
298, 1216
244, 905
456, 343
348, 1440
230, 865
429, 1697
309, 1684
471, 917
439, 2069
344, 1104
136, 487
144, 1789
238, 2317
143, 1311
463, 955
425, 2857
150, 1805
189, 2399
197, 995
209, 910
149, 2589
101, 2910
15, 192
442, 496
124, 683
443, 2514
45, 2387
108, 1247
397, 1649
240, 1715
335, 1678
433, 2660
112, 293
402, 1277
446, 2158
325, 572
256, 2563
55, 2435
15, 2059
273, 1900
37, 1285
40, 2333
168, 2094
218, 1650
382, 2643
144, 2330
68, 1282
400, 2898
373, 2859
424, 742
197, 2100
400, 1614
135, 1385
258, 1501
289, 435
236, 852
242, 1439
200, 1389
19, 1439
4, 172
415, 1654
175, 2087
392, 1709
353, 1183
264, 499
323, 135
132, 1737
91, 768
281, 2346
19, 1911
316, 434
376, 2342
220, 1406
43, 495
44, 521
451, 936
462, 2951
219, 1079
480, 545
352, 2063
109, 689
330, 2723
280, 2120
476, 2951
418, 2171
61, 2198
82, 1300
463, 2261
182, 2933
356, 2447
268, 2407
60, 2210
39, 432
278, 470
428, 1403
485, 2878
325, 1650
322, 479
274, 2262
405, 333
347, 1343
118, 101
205, 471
443, 2581
221, 1040
75, 1680
23, 1302
418, 1981
9, 1079
400, 167
76, 775
336, 2456
396, 808
375, 774
500, 991
53, 2175
39, 1906
4, 1185
175, 309
427, 1802
20, 2140
50, 2702
321, 786
85, 1447
92, 2263
354, 2727
264, 401
417, 193
101, 1626
312, 245
47, 383
136, 1610
82, 504
23, 781
242, 395
342, 216
492, 2147
171, 1662
206, 6
153, 1307
265, 29
208, 2849
56, 2988
445, 1197
304, 617
202, 1279
226, 1577
374, 1480
389, 2766
304, 310
11, 1837
99, 2699
440, 987
179, 2156
210, 2168
6, 1085
243, 1164
458, 1274
84, 2573
354, 872
253, 1331
416, 2841
19, 1283
403, 2374
88, 2407
127, 2040
247, 486
103, 2951
240, 1792
445, 171
233, 1210
52, 1849
226, 1664
135, 213
395, 1640
162, 2582
145, 579
252, 751
133, 1495
52, 1361
213, 1975
240, 2054
188, 828
391, 2504
49, 1324
430, 2568
266, 1377
84, 659
339, 749
240, 423
55, 289
436, 2035
292, 917
168, 2004
320, 2074
452, 1787
123, 1835
94, 1532
67, 2009
20, 1826
378, 1973
266, 934
415, 2793
273, 2879
146, 1736
152, 627
430, 348
148, 1395
497, 2438
420, 900
323, 367
366, 2914
131, 621
178, 887
187, 2418
452, 2897
199, 2799
456, 498
330, 2813
463, 2233
137, 124
37, 174
473, 1292
379, 2298
408, 2457
93, 2564
400, 2452
468, 1312
3, 2403
491, 931
354, 2883
381, 1530
177, 2260
205, 7
317, 443
302, 2709
206, 1229
260, 1395
97, 2814
419, 356
261, 1162
243, 512
229, 827
217, 1563
426, 201
175, 1531
363, 2471
22, 2807
499, 298
29, 554
498, 1173
58, 95
405, 863
160, 1791
152, 438
414, 565
46, 2101
146, 1427
471, 2209
338, 2198
429, 617
111, 947
306, 676
308, 2269
358, 2036
476, 2239
246, 2480
239, 2547
205, 855
319, 381
191, 488
10, 1906
372, 95
233, 1874
234, 594
157, 1700
43, 2777
446, 1489
270, 676
497, 976
345, 6
37, 2609
173, 1263
230, 1773
234, 2080
398, 1122
34, 751
197, 733
213, 1931
57, 2512
38, 2361
136, 2515
57, 724
74, 2254
204, 1860
390, 1149
13, 1069
260, 1644
327, 2776
45, 1969
141, 2870
328, 842
321, 905
278, 1123
436, 2725
145, 2122
487, 3
313, 534
198, 2239
492, 313
437, 2607
460, 2854
461, 76
223, 221
84, 1549
402, 2372
25, 694
39, 1592
19, 1928
278, 1657
318, 530
90, 907
269, 541
446, 816
38, 541
379, 2443
155, 1683
118, 160
109, 175
384, 176
408, 2459
144, 1544
427, 99
324, 1520
214, 520
295, 2745
150, 1900
436, 2664
496, 2208
98, 87
346, 2282
280, 131
431, 2298
276, 744
14, 2802
451, 680
159, 2846
151, 2594
10, 1153
138, 103
201, 1271
291, 272
268, 65
335, 988
352, 595
294, 2350
29, 2778
75, 1362
429, 2433
282, 1200
499, 2314
150, 1329
401, 2065
292, 239
358, 1220
3, 1657
123, 1231
8, 851
381, 885
354, 1588
376, 585
308, 41
324, 1305
400, 2031
137, 2476
444, 1869
313, 66
270, 1896
273, 690
261, 905
264, 2641
424, 2153
305, 1430
288, 1500
224, 2339
166, 2339
430, 2157
429, 2596
406, 2804
98, 900
487, 2302
431, 476
99, 1078
298, 2441
329, 307
60, 869
239, 1267
272, 964
420, 2086
278, 2057
406, 1342
422, 1502
364, 2052
302, 554
287, 702
177, 2709
259, 660
17, 1999
413, 2443
204, 2031
135, 1801
23, 2544
464, 326
444, 2261
314, 2339
406, 2836
78, 1389
419, 1809
395, 2122
238, 193
392, 1740
207, 2903
204, 771
304, 644
424, 668
169, 119
436, 1047
176, 980
290, 199
108, 400
472, 2219
417, 2379
57, 217
449, 1934
36, 10
281, 2172
84, 1745
250, 1789
272, 2876
279, 278
435, 469
289, 1452
228, 1979
82, 46
165, 281
479, 1555
226, 2952
37, 1617
122, 16
383, 2196
1, 2577
403, 767
44, 41
150, 2085
49, 182
54, 1504
131, 850
131, 11
355, 2711
38, 763
390, 760
134, 1975
360, 2095
324, 1601
245, 2949
150, 997
255, 836
288, 1582
167, 992
5, 1832
197, 924
41, 1432
143, 1520
96, 1239
261, 1152
150, 1493
292, 2016
181, 2675
354, 948
357, 2009
463, 2212
442, 2134
418, 277
433, 2325
369, 2474
481, 356
302, 529
413, 1905
339, 706
420, 1061
2, 322
168, 466
404, 1286
395, 2809
188, 2027
224, 1667
231, 770
371, 146
161, 2288
424, 1584
379, 596
178, 2237
281, 914
92, 1134
140, 252
38, 376
286, 336
378, 1149
37, 173
457, 2293
265, 2583
321, 2341
165, 562
392, 5
322, 35
355, 499
377, 2177
338, 2726
202, 2979
180, 1909
349, 523
187, 509
457, 328
166, 2841
416, 441
279, 940
363, 773
272, 1466
118, 504
85, 1076
444, 2184
357, 2787
157, 350
327, 484
393, 1071
168, 1977
367, 2066
214, 968
266, 2212
251, 1884
468, 2879
324, 137
196, 2633
425, 510
286, 1145
112, 243
242, 1564
66, 2882
165, 453
293, 402
86, 948
476, 1877
177, 1309
276, 916
35, 2689
29, 673
265, 2738
93, 2625
494, 1999
413, 2101
355, 279
355, 69
206, 2035
415, 1749
289, 2700
42, 1396
233, 684
484, 599
83, 608
449, 661
486, 2259
429, 2051
363, 2726
486, 1224
171, 418
231, 890
391, 1056
206, 127
58, 1216
498, 736
116, 1951
460, 752
118, 1452
144, 2514
410, 1568
337, 1040
105, 357
33, 1104
312, 1207
18, 2729
436, 2640
163, 259
498, 2208
335, 1300
359, 1081
328, 1039
178, 1088
43, 1616
196, 1191
273, 658
133, 2472
111, 689
386, 1508
223, 1323
445, 434
342, 1576
145, 2867
37, 2275
219, 601
296, 2257
174, 1232
402, 807
284, 1805
157, 1048
101, 1891
33, 1123
217, 2284
476, 2339
222, 1244
25, 2936
352, 42
470, 1378
162, 944
289, 2142
386, 1329
17, 2362
373, 1514
3, 314
41, 321
387, 2037
263, 2610
194, 1369
197, 1521
267, 1466
385, 153
97, 794
180, 2467
153, 523
247, 1362
379, 904
128, 2523
387, 1529
249, 2307
83, 909
81, 1472
196, 250
480, 2393
427, 2424
414, 170
105, 2667
179, 1583
283, 1535
2, 793
172, 590
300, 1255
32, 1821
288, 1300
418, 1397
430, 1094
118, 901
253, 495
66, 1460
94, 1980
196, 1300
343, 2003
238, 2162
360, 2177
489, 1946
41, 2169
426, 888
392, 393
346, 1873
119, 1079
198, 2376
139, 2072
301, 2860
292, 1697
226, 462
326, 423
1, 2281
464, 2528
105, 2954
259, 1364
32, 903
290, 838
84, 452
157, 1229
439, 2584
252, 2624
86, 1854
262, 1030
186, 2000
147, 250
96, 2853
128, 2133
251, 2443
46, 2574
427, 360
234, 2436
425, 218
488, 501
90, 2223
54, 1111
342, 2750
371, 2091
87, 2916
158, 377
199, 2539
21, 335
191, 357
72, 483
24, 454
112, 2328
308, 1431
464, 1173
170, 407
363, 2696
264, 1220
494, 1202
227, 1119
461, 164
317, 2686
226, 880
183, 1387
147, 2050
404, 2769
266, 613
298, 774
66, 362
384, 1860
280, 2411
317, 1258
252, 1109
225, 1360
402, 1564
467, 752
437, 552
55, 2487
336, 2701
365, 2106
200, 1033
294, 694
414, 1311
488, 2855
409, 1888
78, 2778
440, 2449
185, 2431
258, 2431
410, 1622
427, 1471
88, 1443
24, 2794
134, 2035
366, 2558
464, 2198
352, 432
166, 2543
291, 2156
342, 1614
200, 575
382, 926
34, 1516
407, 562
33, 1075
150, 283
199, 2136
272, 181
253, 1207
113, 1504
9, 1965
141, 777
488, 2585
488, 2328
275, 1162
392, 605
80, 130
26, 532
235, 2904
177, 879
486, 36
50, 1835
467, 539
113, 850
208, 546
442, 855
461, 2758
333, 1809
127, 2290
96, 2830
24, 547
274, 2249
424, 797
348, 2447
179, 329
376, 2194
73, 1678
130, 2448
259, 139
409, 2486
154, 2511
402, 2462
314, 655
57, 2977
422, 1782
113, 1149
36, 12
293, 2278
409, 733
64, 1051
498, 1554
105, 296
220, 5
118, 369
455, 869
299, 670
443, 2618
12, 1473
64, 138
136, 2684
472, 2418
192, 2280
477, 624
56, 2177
118, 2013
500, 61
28, 2128
31, 715
170, 1797
193, 1776
130, 2837
8, 1524
213, 1855
330, 91
391, 572
414, 824
45, 241
208, 2316
264, 429
262, 1844
95, 2561
94, 105
461, 311
154, 2952
408, 2659
252, 57
422, 2367
330, 2093
78, 2763
425, 2737
279, 1513
443, 2136
434, 967
446, 1948
218, 1205
453, 549
497, 2782
26, 2202
285, 2187
234, 1315
172, 563
306, 1906
218, 1215
403, 86
486, 2649
420, 2119
500, 77
99, 1520
158, 1432
330, 373
381, 1301
316, 862
3, 406
82, 1012
111, 2488
487, 2385
338, 135
108, 2820
53, 1248
349, 1049
476, 174
29, 2295
417, 267
470, 1051
102, 2992
439, 795
461, 321
400, 2180
402, 2327
184, 2988
349, 1137
2, 1220
80, 2741
170, 253
40, 119
134, 2692
468, 1716
277, 1248
400, 1657
285, 1711
497, 388
334, 552
156, 828
347, 1468
249, 2421
280, 2350
149, 267
345, 1361
373, 2824
135, 2233
464, 640
145, 2209
35, 1929
351, 732
307, 25
498, 183
99, 263
403, 275
409, 2316
463, 2640
404, 354
347, 149
257, 250
174, 109
6, 1284
272, 2499
91, 2263
298, 2294
464, 2552
257, 2103
256, 1055
331, 1295
453, 854
74, 822
352, 2427
23, 2990
180, 148
425, 1974
39, 1090
272, 298
193, 1654
353, 1064
154, 95
22, 445
251, 118
440, 2262
217, 2233
407, 2883
494, 2924
198, 901
364, 1206
62, 1673
476, 310
106, 1388
160, 2462
35, 2878
102, 1416
153, 1523
305, 1486
331, 1836
329, 790
459, 2381
79, 2609
398, 367
263, 2165
299, 661
299, 2544
98, 52
473, 1133
277, 2900
288, 835
387, 1291
356, 1944
454, 313
444, 198
419, 1198
333, 1108
339, 695
246, 2661
69, 1327
175, 1365
347, 826
191, 303
231, 2405
366, 2859
59, 481
239, 589
401, 943
343, 2
489, 901
151, 2580
277, 1838
404, 92
20, 1968
254, 1310
26, 2087
70, 1224
36, 1639
305, 2037
291, 2126
399, 2662
348, 1800
473, 1736
495, 764
411, 865
165, 2980
9, 1955
17, 514
321, 2843
421, 597
223, 155
467, 1835
377, 883
394, 2817
406, 1399
356, 2709
201, 2786
199, 2172
358, 1824
175, 1288
337, 289
476, 2833
128, 81
43, 1485
229, 444
427, 1218
268, 1855
330, 2215
235, 561
159, 2603
268, 2625
264, 53
451, 2313
469, 1058
341, 2144
420, 1269
237, 1166
118, 2577
403, 992
363, 1890
139, 1883
74, 2546
67, 1965
357, 1751
293, 2615
413, 665
68, 918
153, 1474
430, 641
145, 38
300, 421
2, 1073
82, 2028
236, 760
125, 917
105, 1383
319, 2404
249, 1594
359, 1938
296, 95
18, 1831
148, 1137
250, 276
178, 1119
321, 1869
492, 2387
125, 1211
401, 71
328, 2056
38, 1721
39, 708
266, 543
482, 2284
413, 2061
215, 2674
361, 1700
423, 1663
386, 2396
289, 277
439, 546
452, 1066
182, 2613
306, 430
349, 266
388, 1229
348, 1000
242, 2672
477, 2014
39, 1390
366, 2528
156, 184
349, 720
62, 643
84, 1281
419, 190
1, 1406
404, 1986
479, 2465
449, 1185
143, 416
213, 224
341, 818
268, 294
42, 960
47, 2167
443, 2566
159, 1698
57, 1344
246, 677
189, 2385
155, 2746
186, 2183
89, 1667
226, 2083
279, 1794
97, 1484
223, 1451
402, 1067
434, 2818
493, 481
201, 2697
465, 1724
122, 450
387, 2592
108, 2291
75, 515
44, 2415
176, 745
161, 2233
480, 678
133, 1859
293, 1186
459, 1716
35, 782
420, 2072
82, 461
297, 2250
444, 725
342, 2341
141, 5
214, 2688
243, 504
52, 2455
413, 56
34, 2814
92, 1822
445, 1017
278, 2334
261, 2790
263, 367
198, 2396
161, 431
132, 2901
415, 302
15, 2095
118, 2801
208, 1056
189, 839
421, 1655
371, 1184
92, 688
347, 929
219, 1799
20, 1451
23, 1958
459, 4
500, 1625
279, 2517
405, 2119
215, 1706
321, 523
458, 705
45, 512
132, 1770
472, 1723
217, 1581
154, 2338
233, 2024
285, 1979
452, 543
391, 2943
11, 46
93, 69
458, 875
432, 2762
232, 630
336, 54
410, 2170
93, 2115
241, 1045
285, 1655
64, 419
272, 160
489, 1905
198, 567
204, 1245
25, 2045
454, 1131
227, 778
120, 2435
362, 1172
121, 454
151, 956
220, 910
329, 1525
228, 2845
260, 2182
42, 2862
203, 559
124, 768
174, 536
473, 73
100, 1716
113, 807
160, 388
112, 90
367, 1857
15, 181
344, 881
310, 267
328, 2955
312, 1622
361, 181
313, 138
98, 2146
58, 2256
20, 2066
96, 2943
272, 233
423, 1869
86, 2145
30, 1012
282, 2659
121, 127
409, 401
215, 2747
355, 479
318, 331
144, 1992
123, 2027
465, 2757
439, 1006
486, 456
84, 11
450, 1919
453, 2578
7, 1323
279, 2101
259, 896
205, 297
268, 1103
423, 1452
465, 1167
209, 2144
61, 2699
374, 333
109, 2981
86, 902
182, 1751
337, 561
417, 818
31, 2634
396, 1824
141, 1529
35, 2971
400, 2383
403, 2961
166, 216
394, 1455
74, 386
308, 730
197, 2405
486, 2316
255, 514
257, 1195
111, 325
246, 102
273, 1623
458, 937
186, 2228
449, 1481
433, 2876
331, 977
456, 1581
295, 745
253, 709
392, 1360
393, 413
446, 328
384, 273
180, 1992
495, 1260
44, 1744
182, 1232
39, 2989
68, 643
285, 1684
350, 213
481, 867
246, 2294
51, 907
6, 1788
43, 1186
416, 90
379, 837
299, 1165
161, 1658
475, 1880
379, 515
427, 271
464, 1503
245, 2736
364, 2058
308, 2549
11, 2077
162, 230
294, 2936
472, 500
243, 1556
95, 928
201, 101
412, 1690
357, 508
293, 1222
316, 2955
59, 1232
200, 298
156, 896
45, 2679
487, 1937
306, 713
370, 1611
465, 981
283, 1136
406, 673
27, 2484
151, 1342
85, 2237
208, 148
476, 1954
166, 21
95, 848
225, 1707
78, 1040
153, 1389
146, 300
181, 1284
265, 2760
256, 1421
357, 2693
466, 2495
459, 2384
13, 1771
208, 298
333, 2204
384, 1872
278, 1236
411, 1875
482, 14
113, 1794
87, 522
462, 2163
490, 890
387, 32
246, 1900
336, 2734
432, 760
263, 497
272, 1921
425, 1572
290, 1304
121, 437
334, 988
218, 1292
130, 1478
483, 2699
79, 1737
318, 769
236, 2679
280, 2529
443, 342
181, 496
280, 1521
79, 1324
375, 2819
18, 2503
290, 2838
307, 2691
473, 681
174, 967
207, 881
246, 2784
322, 2246
451, 1011
307, 702
48, 270
495, 1695
295, 2270
26, 342
103, 1563
379, 757
161, 1056
96, 528
479, 631
221, 272
380, 554
51, 185
48, 803
239, 158
421, 1692
18, 221
268, 1323
11, 660
39, 2045
238, 106
308, 2020
163, 627
110, 1683
162, 331
179, 2254
182, 1364
191, 2270
408, 131
424, 154
391, 2260
287, 2601
86, 390
115, 2172
163, 1664
209, 2521
407, 1147
488, 2201
119, 1242
227, 1603
50, 443
293, 458
285, 2985
477, 1089
52, 1467
446, 263
317, 164
94, 734
320, 765
420, 2149
434, 2656
380, 2749
395, 2515
301, 384
468, 292
437, 557
101, 148
476, 1816
365, 2036
142, 2863
16, 1180
319, 2192
14, 2707
226, 750
54, 360
205, 866
4, 791
221, 557
361, 447
442, 371
433, 1296
267, 2812
236, 1145
308, 1197
482, 2656
164, 1035
416, 1371
13, 1247
385, 539
311, 2397
381, 1809
342, 191
37, 753
76, 2710
360, 1506
35, 1480
455, 2047
7, 2421
293, 648
453, 883
313, 2561
53, 706
116, 2700
414, 1554
254, 2147
404, 224
105, 1037
137, 2632
199, 1914
460, 980
358, 978
128, 514
317, 2191
82, 67
13, 1843
151, 1864
13, 2763
406, 575
236, 2011
481, 1244
334, 1180
369, 1387
62, 1792
163, 1025
367, 2958
35, 66
381, 1529
270, 964
107, 1651
280, 1587
200, 1831
403, 1670
475, 1499
190, 1943
311, 1012
110, 1008
400, 1092
428, 321
20, 2270
337, 462
195, 2978
486, 1188
446, 828
447, 1908
130, 2991
8, 1136
377, 1871
40, 2315
258, 1484
450, 2590
447, 1114
417, 204
92, 29
67, 638
19, 962
150, 2395
398, 105
335, 2415
125, 1247
445, 1365
317, 232
271, 1791
94, 2513
342, 1498
486, 2602
250, 767
359, 866
54, 2923
403, 2862
214, 2352
362, 2298
62, 2108
297, 1432
354, 551
290, 885
303, 1763
93, 1072
188, 2980
290, 1623
41, 966
200, 346
293, 1198
410, 24
337, 2953
197, 2096
367, 2264
459, 2152
489, 2717
55, 113
19, 2687
93, 1908
377, 2161
217, 2205
160, 1514
332, 2006
109, 965
263, 391
432, 2064
153, 1256
239, 1481
176, 1297
496, 1341
16, 1745
339, 2818
184, 2946
149, 852
326, 2494
283, 2637
157, 1923
483, 1285
266, 1977
46, 2666
356, 445
442, 1288
361, 1558
27, 2097
219, 2620
189, 2648
235, 872
312, 2272
121, 759
453, 1505
17, 2400
13, 722
274, 1997
73, 1618
466, 1710
9, 2688
6, 2712
97, 51
188, 893
341, 1996
411, 1733
388, 928
58, 2059
453, 1561
473, 1994
463, 115
441, 1486
104, 2300
88, 783
473, 2397
177, 1703
360, 2477
446, 685
447, 1421
111, 882
121, 558
14, 857
55, 2622
366, 2860
481, 2178
25, 817
298, 1061
300, 1091
214, 2319
357, 1373
176, 33
231, 265
493, 2540
79, 1847
312, 41
122, 81
287, 2003
107, 595
222, 1001
375, 2624
416, 1287
264, 1335
399, 1156
492, 2604
465, 1143
99, 1083
281, 1266
20, 1472
403, 249
461, 2114
481, 1700
49, 662
399, 1007
235, 1775
251, 91
329, 402
314, 469
19, 1952
382, 2068
446, 2709
36, 240
358, 2694
117, 2214
244, 432
90, 912
429, 2890
446, 1657
304, 1964
238, 2102
13, 193
88, 1480
12, 80
183, 2926
377, 2825
194, 1360
363, 2066
467, 1750
469, 857
200, 78
95, 1084
66, 2405
274, 2636
167, 93
234, 704
250, 2628
346, 1958
357, 917
236, 300
495, 240
250, 629
8, 1860
121, 1655
426, 277
228, 129
450, 1872
257, 2305
40, 2076
88, 2979
483, 1723
17, 1334
125, 821
217, 145
39, 1253
204, 2555
191, 525
75, 432
227, 2813
121, 2863
86, 785
200, 2000
450, 1560
393, 1899
298, 1040
304, 1876
423, 127
39, 1466
434, 269
310, 1886
330, 1837
2, 1073
297, 2194
7, 1287
305, 1063
455, 2815
445, 2958
280, 1668
112, 2745
233, 1726
214, 2679
233, 961
31, 1655
438, 1408
197, 2632
226, 346
58, 2305
13, 922
99, 1716
218, 2812
227, 2613
327, 1035
25, 552
252, 2152
182, 432
47, 1941
79, 2004
120, 1712
498, 1037
272, 747
223, 786
432, 2960
54, 820
260, 1505
400, 974
169, 1021
244, 2571
81, 2943
173, 2619
397, 577
106, 1793
337, 1670
225, 284
44, 2036
333, 821
446, 344
346, 640
89, 1564
195, 2123
476, 1739
356, 2035
424, 206
14, 1062
180, 2559
461, 1244
387, 1842
192, 1598
5, 2563
384, 2945
78, 26
167, 2628
381, 1611
136, 1020
220, 898
101, 449
294, 1508
439, 1521
73, 2937
278, 42
58, 1054
161, 2813
456, 2527
466, 1958
368, 777
56, 920
497, 2901
137, 1813
463, 2552
215, 827
278, 1535
151, 2242
368, 2392
322, 2562
187, 780
155, 266
357, 1145
217, 675
122, 2540
122, 123
450, 1963
190, 733
393, 2353
87, 2661
364, 1146
109, 609
457, 1998
254, 812
423, 603
3, 236
399, 1002
35, 2107
47, 2220
426, 738
417, 2166
205, 841
279, 1031
369, 268
251, 1322
180, 632
82, 1142
409, 515
300, 2787
41, 2240
375, 1264
44, 2770
459, 1760
259, 1744
222, 2899
38, 823
148, 1984
490, 1541
247, 2031
296, 2337
162, 100
206, 137
192, 2081
464, 2203
428, 1707
353, 1653
376, 2660
300, 279
303, 2225
18, 1982
39, 793
407, 2292
271, 1246
110, 467
194, 352
45, 929
211, 2996
342, 428
182, 1948
332, 1134
259, 1505
262, 2100
437, 587
263, 2281
117, 1241
102, 2904
338, 1643
292, 1566
307, 2292
405, 1662
240, 2742
472, 2254
349, 1086
143, 2550
443, 1550
79, 985
73, 1
32, 2492
440, 1153
293, 1379
220, 1980
184, 451
375, 2541
341, 2618
51, 199
474, 1242
45, 2044
359, 2773
440, 2708
399, 1867
193, 1561
107, 1862
385, 2231
266, 974
144, 2849
419, 1841
341, 2846
75, 130
118, 403
363, 2106
240, 874
238, 1756
372, 1416
99, 2722
389, 1924
335, 1302
254, 946
298, 1819
443, 1136
288, 2657
456, 664
379, 2775
138, 716
372, 1058
95, 472
156, 1332
305, 2145
492, 1664
118, 1732
417, 1858
399, 9
298, 2396
272, 1469
299, 2514
468, 911
416, 1135
94, 1818
275, 1360
19, 2665
11, 79
250, 1906
474, 2642
138, 2777
158, 2129
460, 1053
388, 1927
355, 39
293, 832
229, 862
338, 2953
219, 2552
108, 2116
404, 2131
458, 794
374, 1866
447, 2915
167, 2259
259, 898
336, 1997
42, 2876
260, 1222
392, 2135
388, 147
496, 1078
250, 1273
64, 706
12, 1359
477, 2501
27, 127
48, 8
302, 434
101, 2997
169, 592
221, 502
414, 2249
128, 892
339, 61
453, 2036
122, 2935
258, 204
411, 705
199, 2931
248, 2745
98, 94
15, 1769
229, 622
464, 1205
313, 1719
330, 589
351, 1028
449, 2641
197, 1310
57, 2860
383, 2540
346, 2034
408, 1043
480, 1699
433, 1630
407, 2889
144, 1474
456, 2766
409, 1672
334, 1999
434, 438
72, 1533
110, 1703
280, 1082
209, 597
462, 2360
146, 225
267, 1917
338, 10
21, 1227
157, 2121
91, 404
487, 1021
334, 1730
237, 810
412, 2052
173, 733
92, 1653
408, 1826
159, 167
76, 1886
458, 2381
287, 233
438, 238
311, 2139
313, 1180
347, 1983
394, 548
26, 2932
117, 793
199, 40
281, 1569
54, 1456
394, 2025
315, 2603
91, 1292
437, 301
17, 1639
316, 2894
466, 1648
152, 2834
306, 260
203, 2212
272, 1399
438, 1683
209, 374
453, 111
165, 2161
316, 1220
102, 437
205, 125
375, 222
437, 956
79, 1625
427, 2214
212, 127
173, 204
271, 2213
169, 2563
368, 272
275, 893
37, 2759
234, 2073
25, 2169
60, 149
20, 629
340, 2532
400, 1232
3, 610
51, 2040
311, 2923
250, 2695
73, 2684
47, 1772
9, 154
462, 2396
428, 695
471, 286
182, 163
188, 2923
70, 1070
412, 1972
275, 1451
25, 766
405, 33
15, 2624
396, 1387
119, 2389
81, 1959
139, 349
80, 2788
219, 598
58, 1092
201, 2536
9, 2313
282, 893
401, 2028
474, 287
106, 2728
474, 2204
200, 1573
417, 485
359, 2897
344, 2860
9, 1873
288, 1723
193, 893
354, 2074
477, 2417
309, 2776
376, 2799
352, 2603
94, 1642
26, 154
162, 2078
412, 1551
135, 2667
102, 546
270, 2297
499, 705
104, 1341
172, 2028
28, 2353
252, 2692
108, 1297
145, 867
129, 1593
273, 2303
445, 381
100, 2545
41, 2737
231, 2642
184, 311
423, 1532
303, 2054
392, 1950
171, 2383
312, 298
397, 2131
260, 2561
496, 2961
66, 374
66, 20
446, 1311
457, 216
99, 1471
349, 629
225, 457
212, 2948
258, 2144
365, 1070
18, 1033
486, 1972
212, 154
444, 681
414, 892
277, 292
204, 1779
130, 410
454, 502
95, 1768
245, 434
84, 230
372, 1009
298, 1615
248, 583
160, 2228
265, 2229
220, 2816
200, 991
197, 2126
67, 2129
162, 631
347, 1502
245, 64
334, 2360
123, 1073
52, 1348
396, 248
308, 1036
251, 2851
433, 1576
276, 1628
82, 2167
126, 2326
363, 1287
317, 358
182, 1556
204, 1494
323, 2541
47, 859
68, 2946
96, 2021
97, 1273
400, 1167
500, 2688
143, 2516
421, 1917
269, 618
376, 1018
319, 2635
183, 964
194, 2445
220, 2098
31, 2404
84, 2146
84, 1509
139, 119
35, 3
148, 2751
137, 1679
308, 1785
10, 2320
55, 92
275, 1802
47, 2842
120, 1962
147, 859
286, 2343
116, 726
290, 1813
386, 666
249, 1780
205, 2811
359, 2397
101, 2976
465, 1796
221, 473
391, 2712
409, 1015
379, 2608
48, 1723
253, 1048
174, 1248
352, 2177
238, 1116
270, 838
316, 1001
84, 1162
434, 2187
485, 327
228, 2250
338, 2258
310, 1398
422, 387
70, 2674
8, 368
19, 2762
46, 2568
434, 1190
40, 397
475, 1209
59, 915
144, 1347
31, 2277
318, 1569
205, 2862
173, 79
158, 749
343, 2276
233, 2546
273, 2067
30, 2366
7, 1506
250, 2503
297, 979
415, 160
374, 480
28, 2791
492, 2019
469, 799
42, 2427
23, 2878
316, 851
223, 2577
305, 1981
130, 2724
460, 2436
173, 2398
468, 887
138, 2728
336, 121
31, 2062
44, 1709
434, 678
282, 2214
34, 1630
22, 1477
14, 74
237, 1868
8, 2403
404, 327
2, 19
81, 2586
405, 2540
34, 541
385, 2320
183, 2837
162, 2075
216, 2644
24, 2093
460, 2032
363, 420
108, 321
347, 487
83, 2940
165, 541
22, 2477
44, 347
445, 905
490, 4
174, 689
493, 1434
114, 202
306, 1211
70, 1738
95, 2800
259, 2013
458, 343
22, 2733
85, 2376
412, 2240
275, 2852
181, 2939
461, 945
88, 1925
393, 1922
176, 1510
323, 2251
441, 1990
113, 1851
111, 1018
187, 850
111, 1769
249, 2514
76, 468
393, 794
170, 1884
472, 2260
497, 1886
401, 288
202, 537
60, 626
206, 856
126, 1679
240, 1563
438, 2205
470, 976
116, 1376
404, 183
302, 2880
145, 2499
319, 1472
486, 300
166, 858
17, 1065
195, 2029
479, 874
113, 672
366, 2628
192, 1233
275, 1766
350, 574
448, 2297
385, 1181
474, 4
139, 895
25, 1413
295, 263
29, 2795
16, 1640
337, 2744
448, 1828
419, 124
59, 1249
444, 1429
498, 1437
482, 1923
235, 1611
240, 2599
195, 974
341, 60
407, 1242
241, 1062
400, 2434
317, 742
486, 2531
186, 2175
372, 312
110, 2251
6, 1919
127, 127
259, 528
368, 2774
447, 1318
50, 1432
329, 750
404, 2811
246, 2981
180, 2378
250, 1166
327, 721
288, 984
27, 403
230, 2285
395, 1243
163, 1159
31, 2622
192, 1142
235, 226
400, 1949
335, 816
232, 394
89, 1228
369, 819
35, 493
299, 2606
327, 1984
194, 161
449, 2463
363, 2009
240, 1319
480, 2694
405, 1239
225, 2602
181, 2340
120, 1042
191, 442
280, 37
94, 2716
30, 266
125, 1268
109, 1127
5, 2175
1, 1516
403, 631
190, 429
127, 1020
327, 1046
20, 2493
377, 1545
247, 536
14, 475
464, 73
425, 1916
281, 247
311, 1501
266, 1290
341, 1140
48, 1665
211, 2131
101, 1840
129, 1431
46, 2958
322, 1708
241, 20
425, 2142
418, 570
430, 1482
308, 2956
34, 1931
180, 2593
47, 2776
431, 2820
414, 1818
206, 2795
374, 2812
188, 773
190, 2443
323, 1225
183, 2525
463, 2993
345, 2902
108, 845
369, 2397
327, 2420
67, 1589
232, 1182
14, 2703
99, 501
177, 2965
74, 2249
265, 105
291, 1554
309, 60
323, 1152
433, 1579
47, 751
449, 996
498, 847
213, 174
292, 1447
42, 1878
445, 641
116, 902
199, 2833
458, 792
67, 1111
4, 2144
91, 1876
283, 2919
422, 2800
441, 2468
63, 2698
316, 1773
460, 2794
216, 1003
399, 1832
477, 243
483, 2207
269, 1241
146, 1596
472, 607
30, 464
463, 1588
359, 2773
44, 639
380, 1798
153, 1610
390, 2934
162, 1132
386, 2474
201, 983
225, 2307
429, 712
382, 340
198, 1788
213, 1794
356, 2999
268, 25
234, 2032
423, 2027
304, 2833
233, 2075
158, 651
205, 744
133, 974
55, 653
243, 1829
293, 2805
265, 1368
194, 852
481, 1651
50, 608
110, 580
415, 670
466, 1522
364, 1025
130, 665
157, 2198
465, 1953
98, 1227
63, 1750
145, 302
73, 187
47, 545
434, 272
387, 370
292, 2994
304, 1641
73, 985
144, 1347
146, 1469
317, 548
75, 1121
275, 1881
381, 1666
225, 1027
448, 905
294, 1464
240, 1724
252, 1803
344, 2187
9, 2836
50, 125
244, 2698
202, 2379
187, 420
198, 380
159, 2607
15, 2008
405, 105
170, 1513
369, 2205
70, 2307
500, 832
365, 188
276, 800
310, 2293
87, 684
175, 2057
332, 853
229, 2805
64, 2860
194, 997
465, 2262
169, 1888
241, 1234
272, 2281
262, 1668
410, 327
417, 1657
393, 1894
61, 26
469, 1412
35, 2246
443, 1008
40, 352
121, 2452
75, 464
118, 2587
239, 1197
242, 341
77, 2152
391, 2632
397, 2580
51, 857
454, 2433
439, 2120
486, 1399
89, 2969
11, 1952
235, 2623
431, 391
39, 2875
123, 1676
486, 1002
66, 161
37, 2988
367, 2927
332, 2881
61, 2737
299, 566
52, 2258
482, 37
48, 35
13, 1259
124, 2036
53, 1962
321, 1780
127, 1263
494, 2324
130, 1782
234, 2037
103, 1121
124, 1842
278, 176
310, 328
443, 258
29, 1217
413, 2089
153, 1256
190, 1012
146, 1760
383, 2133
251, 1965
300, 1067
382, 1371
43, 427
189, 149
500, 583
217, 734
356, 2760
349, 844
95, 2064
138, 1034
357, 1968
169, 340
148, 2856
473, 1429
204, 589
368, 1341
131, 1084
437, 2231
124, 421
449, 2774
223, 891
176, 2975
148, 2983
273, 1489
302, 2980
111, 1073
15, 2846
74, 1210
386, 2980
229, 226
308, 948
384, 1448
115, 2845
349, 330
341, 1776
302, 1235
146, 2432
229, 2536
329, 632
259, 2683
401, 2403
3, 2929
244, 1223
447, 1207
385, 843
190, 2298
219, 2712
352, 707
2, 699
364, 2817
146, 512
19, 1224
126, 1146
398, 1167
408, 2831
354, 1119
100, 193
16, 128
378, 2255
325, 1230
268, 2578
36, 1136
117, 1683
344, 25
38, 2370
40, 2591
155, 2065
48, 1745
402, 1919
182, 1294
3, 2448
31, 2504
430, 1145
353, 224
403, 1458
122, 1715
233, 661
219, 2393
311, 930
358, 118
391, 2205
62, 1234
29, 2743
474, 2171
496, 1112
1, 1634
16, 2767
137, 1563
396, 1344
109, 1845
174, 556
154, 690
390, 2751
30, 273
64, 1570
396, 71
82, 624
174, 372
226, 646
252, 2105
409, 2988
354, 991
21, 1080
460, 778
45, 865
130, 605
227, 1337
119, 1495
115, 2212
119, 1196
175, 2677
294, 126
179, 1296
308, 1722
92, 2338
122, 1119
328, 1020
383, 2296
132, 2487
25, 2931
14, 2065
38, 2722
291, 1189
116, 2103
165, 1505
148, 669
66, 2025
427, 1129
138, 1585
227, 1143
334, 1279
481, 113
210, 1583
314, 1899
324, 1264
75, 193
127, 1572
478, 801
492, 348
222, 453
352, 1442
427, 1265
409, 2944
383, 1324
218, 2542
365, 2849
184, 1417
245, 620
51, 879
496, 2738
414, 2847
178, 201
188, 1044
438, 558
420, 2883
143, 1518
80, 2186
214, 1636
58, 2424
95, 1265
360, 2468
341, 978
230, 541
116, 2547
358, 1056
170, 233
132, 1568
315, 502
496, 1920
226, 2829
5, 1516
367, 141
348, 1710
406, 322
462, 868
106, 798
247, 1198
414, 199
4, 1325
497, 1979
168, 1815
230, 1782
423, 1823
142, 868
408, 1994
438, 866
133, 116
264, 1070
265, 2825
343, 2727
182, 847
373, 974
460, 1536
306, 1396
187, 310
293, 2078
373, 487
177, 596
100, 1344
330, 335
247, 1750
22, 1040
275, 1152
437, 2949
358, 1247
85, 2478
349, 1223
71, 1206
223, 1304
23, 1845
193, 2813
226, 2682
240, 1669
147, 630
366, 88
103, 516
190, 2641
186, 1484
388, 978
327, 2558
84, 2182
92, 180
258, 735
380, 305
407, 2119
242, 1237
160, 764
443, 1586
78, 1269
203, 2209
109, 2633
477, 525
93, 1887
494, 2602
278, 1631
436, 606
447, 2767
184, 2029
123, 1891
73, 2995
354, 2268
455, 2265
255, 1192
257, 467
407, 570
435, 2553
209, 1200
197, 297
216, 2691
177, 405
311, 2748
8, 232
335, 1273
332, 580
420, 2102
337, 1536
409, 1889
58, 2037
14, 1926
267, 2903
330, 897
126, 1129
298, 2289
99, 97
430, 1033
265, 427
61, 619
462, 1953
171, 2334
270, 2623
99, 1878
89, 244
251, 1250
411, 1181
82, 1344
382, 2220
100, 1645
27, 318
353, 2009
446, 2083
155, 2174
220, 862
254, 1986
210, 2075
60, 1994
428, 2664
194, 1670
188, 2236
438, 404
6, 77
157, 1596
97, 2358
85, 1674
264, 309
88, 602
102, 466
465, 1214
31, 1419
373, 131
197, 1500
173, 2146
216, 2820
23, 258
122, 1123
291, 2162
123, 2352
109, 2804
60, 2631
132, 1421
427, 951
77, 610
175, 362
138, 1292
179, 973
442, 1532
342, 527
167, 713
436, 2503
112, 2958
320, 1118
425, 569
21, 2875
236, 1670
192, 2989
98, 794
101, 683
427, 2411
202, 552
35, 437
310, 1522
314, 1231
5, 2089
342, 292
29, 85
152, 662
261, 2904
201, 229
158, 2938
200, 836
496, 507
342, 2716
247, 628
126, 330
43, 1918
159, 2644
205, 772
199, 1530
95, 2597
477, 2775
48, 193
471, 1238
366, 1509
167, 2945
196, 417
452, 596
429, 1622
114, 104
47, 1357
98, 492
429, 1155
75, 606
336, 1256
63, 1807
308, 2327
173, 2301
339, 2632
106, 690
350, 2889
134, 2457
489, 1475
37, 289
310, 360
399, 969
266, 75
240, 2515
20, 2552
111, 2782
122, 2618
329, 2548
398, 1291
162, 914
374, 102
467, 2102
245, 2032
251, 138
443, 2469
485, 2166
475, 199
500, 68
476, 218
90, 149
1, 243
466, 1417
433, 182
320, 2556
347, 718
308, 2772
139, 79
376, 2046
480, 255
226, 2488
379, 2059
377, 2009
289, 2791
383, 2437
440, 1181
358, 981
499, 1287
277, 435
428, 1991
111, 1722
259, 75
210, 2292
13, 1494
131, 942
290, 2369
82, 590
253, 2393
222, 2853
99, 2034
353, 359
372, 650
375, 2070
398, 504
456, 1742
294, 1314
63, 1580
189, 2166
216, 808
12, 1928
246, 1010
432, 1507
364, 1777
129, 795
71, 469
90, 598
410, 814
139, 1219
237, 1622
455, 210
38, 769
293, 2195
61, 461
357, 11
152, 2676
207, 1953
32, 990
373, 1703
132, 380
223, 524
68, 71
21, 2670
309, 1935
492, 861
452, 1504
417, 402
404, 2350
171, 1710
46, 2497
12, 1095
212, 11
340, 1341
330, 694
490, 1139
405, 1916
231, 1097
437, 1598
349, 1103
279, 2309
269, 35
160, 2047
265, 1563
281, 145
149, 215
345, 60
9, 1101
500, 2706
385, 720
350, 2679
242, 2547
140, 2596
45, 1510
346, 2638
248, 955
323, 573
384, 939
158, 1641
470, 2962
475, 1463
480, 2705
497, 209
137, 1722
14, 2548
407, 389
14, 451
205, 1217
413, 2161
140, 2783
360, 635
225, 1264
238, 331
450, 455
344, 2713
305, 1753
136, 612
18, 353
321, 2878
27, 1600
96, 2902
90, 1049
344, 2799
28, 179
487, 614
206, 2223
378, 1969
345, 1026
364, 2362
467, 2244
384, 1155
408, 2054
296, 659
20, 2435
38, 2598
291, 645
286, 2267
387, 816
118, 1247
94, 2972
423, 760
405, 1140
347, 140
486, 2587
401, 383
411, 830
29, 1026
498, 1156
261, 1017
6, 2211
429, 2133
414, 1476
13, 1400
308, 1374
255, 2392
463, 944
32, 994
159, 920
169, 2304
408, 961
460, 109
342, 1233
7, 2812
500, 2840
88, 2193
199, 1140
103, 951
255, 1650
417, 833
461, 2303
75, 1956
76, 1148
135, 1657
170, 1784
335, 25
62, 711
477, 40
280, 1432
38, 2660
221, 1477
52, 2847
73, 2683
98, 896
403, 2961
202, 785
308, 134
447, 81
360, 755
496, 2881
83, 327
2, 1083
248, 2889
418, 2254
285, 1192
135, 2598
430, 1343
387, 2185
283, 2860
336, 292
213, 1119
139, 1180
196, 104
1, 2089
236, 2073
411, 2405
70, 2611
184, 34
467, 1196
429, 2912
212, 1069
160, 2774
341, 1610
258, 1704
448, 1043
472, 2767
121, 2720
453, 703
209, 1761
131, 1378
299, 2323
383, 777
195, 222
55, 642
138, 763
199, 2565
175, 75
211, 2040
153, 1715
461, 1363
86, 620
338, 2694
164, 14
188, 1070
370, 1844
108, 1078
50, 531
397, 2634
118, 533
9, 1247
329, 2938
115, 1790
360, 1358
439, 2616
243, 1181
7, 2668
123, 946
438, 699
101, 1391
67, 1876
233, 1391
40, 2307
80, 1783
184, 2068
131, 2804
372, 1117
281, 1750
162, 2170
133, 113
32, 1210
314, 1284
449, 1071
308, 2298
233, 907
9, 1110
487, 1013
284, 1332
99, 835
265, 2067
182, 1850
421, 2902
39, 88
30, 721
176, 195
176, 513
62, 810
339, 2228
154, 1353
37, 2280
126, 2786
179, 880
203, 2422
296, 2320
473, 1180
494, 2401
276, 2968
170, 688
498, 1373
178, 2721
208, 1317
214, 234
286, 2228
277, 2346
251, 245
146, 1528
92, 1372
227, 503
41, 1003
473, 1175
202, 1688
250, 567
357, 668
485, 2662
86, 62
364, 2162
63, 1533
91, 2040
34, 428
324, 1273
376, 344
159, 165
309, 2918
418, 2961
258, 1511
3, 2836
443, 933
306, 832
151, 1631
57, 1516
229, 1968
421, 174
109, 750
315, 390
188, 2439
329, 2685
161, 1486
244, 556
476, 562
139, 1618
385, 319
22, 365
299, 2990
105, 2153
199, 2135
67, 1414
21, 1528
303, 1843
77, 989
462, 2161
147, 2215
107, 179
249, 130
493, 1865
86, 2501
299, 2156
356, 1158
350, 612
398, 2190
383, 133
284, 1104
399, 63
425, 2560
233, 1652
120, 534
100, 501
143, 385
223, 2246
200, 1320
2, 560
89, 2516
169, 1589
268, 81
363, 478
424, 115
333, 2936
499, 2558
106, 981
73, 2853
428, 1974
94, 100
369, 2926
124, 2129
500, 1042
368, 709
314, 2317
454, 529
205, 2512
492, 2995
341, 2302
449, 832
410, 1310
452, 1075
54, 26
381, 2564
91, 380
230, 1252
81, 15
110, 1164
110, 715
251, 1397
479, 331
382, 2418
112, 857
314, 1825
171, 1730
221, 249
427, 2323
275, 1822
340, 1946
421, 2183
327, 2754
369, 57
31, 1406
9, 1340
358, 822
494, 299
79, 1567
408, 2425
438, 2005
351, 1247
219, 412
457, 1714
399, 1156
311, 305
403, 603
410, 508
87, 1156
115, 711
368, 1621
90, 870
463, 486
156, 163
139, 2821
296, 2548
245, 855
378, 2287
27, 2649
272, 1559
214, 12
68, 2512
113, 511
282, 709
35, 2559
479, 1276
137, 2441
340, 1647
358, 2463
458, 1523
131, 2721
98, 749
487, 1035
273, 672
20, 2829
285, 2115
169, 920
92, 1784
181, 1163
203, 1928
428, 981
338, 617
376, 1982
463, 2537
278, 6
172, 700
284, 247
39, 2738
304, 534
353, 804
487, 2307
218, 2804
119, 467
41, 1708
326, 2739
68, 207
373, 1021
319, 1116
286, 607
467, 1002
163, 1758
77, 1293
120, 1314
305, 813
411, 763
301, 719
18, 1753
378, 1749
445, 2369
212, 1753
402, 3
477, 2304
423, 1016
300, 2745
151, 2681
296, 2700
318, 2915
158, 463
356, 2511
38, 444
268, 2342
178, 2566
382, 1577
478, 2986
186, 382
96, 1571
263, 590
146, 1190
61, 2204
259, 2628
87, 728
294, 2349
62, 1121
179, 713
435, 730
464, 2801
336, 2427
420, 1997
391, 408
172, 1919
46, 230
290, 1037
270, 1130
455, 2372
451, 972
112, 2199
494, 2024
418, 103
200, 2573
239, 349
311, 1838
65, 2730
74, 1351
26, 2551
456, 426
134, 185
458, 1638
442, 1668
220, 105
233, 968
470, 396
164, 89
128, 2485
279, 2432
479, 2450
303, 2895
419, 2289
17, 1970
363, 1452
129, 1193
163, 1202
347, 1410
217, 137
435, 1475
199, 1551
7, 589
89, 2417
203, 356
173, 506
140, 1498
15, 20
227, 2204
398, 317
198, 221
17, 2873
101, 598
287, 1997
175, 31
236, 700
42, 382
248, 1498
69, 2574
473, 2517
437, 284
248, 636
191, 1699
469, 2016
146, 2039
10, 7
17, 2350
339, 351
5, 1427
347, 1911
26, 1116
254, 1185
383, 843
71, 532
487, 857
441, 879
389, 1294
363, 199
64, 526
425, 681
457, 773
293, 1003
171, 2203
495, 468
478, 163
1, 2844
416, 1317
427, 2630
57, 2419
163, 523
41, 1353
166, 1384
396, 1517
336, 511
445, 2286
465, 443
380, 666
276, 156
107, 1255
289, 2299
100, 291
387, 1312
241, 110
432, 111
105, 1109
142, 2408
255, 1986
86, 270
393, 1622
188, 2991
475, 2041
271, 2146
38, 2385
315, 1048
424, 702
321, 2920
194, 2926
22, 1070
302, 2700
425, 966
470, 1682
375, 146
185, 408
244, 1644
305, 2709
332, 1109
383, 1506
299, 1483
88, 2926
299, 1385
36, 1916
216, 2864
233, 1433
295, 1539
70, 1857
128, 2969
238, 1769
37, 2372
492, 1183
497, 926
244, 2269
190, 91
72, 2413
92, 57
10, 1366
482, 2924
115, 1517
262, 1830
57, 311
264, 2795
468, 2778
187, 371
95, 1308
102, 1329
431, 19
199, 456
234, 1643
31, 2654
226, 2894
10, 464
95, 2365
20, 1916
279, 2221
5, 350
253, 1717
66, 2602
306, 932
478, 2488
401, 1039
360, 2702
94, 2576
162, 2207
118, 1650
187, 1145
237, 2024
54, 2004
212, 1558
99, 1375
446, 1712
116, 1060
2, 382
397, 2772
108, 273
296, 925
485, 2367
28, 2175
273, 210
77, 1070
437, 2127
378, 2226
333, 1577
307, 2298
336, 2942
106, 2439
266, 2418
48, 1813
172, 2983
232, 508
40, 1230
301, 1573
303, 2959
330, 2783
164, 1997
120, 1306
318, 2877
219, 1331
291, 1452
253, 2349
233, 1552
497, 1521
5, 2831
423, 212
46, 1724
165, 23
411, 1336
98, 2252
215, 2724
15, 348
104, 2693
380, 565
62, 2528
500, 249
437, 1853
141, 50
308, 81
411, 1481
378, 379
173, 2877
489, 88
419, 2953
2, 2161
402, 2831
292, 1466
109, 160
383, 1326
356, 965
389, 1102
32, 1479
93, 2496
311, 539
192, 140
181, 1226
421, 2674
376, 2541
296, 919
37, 2285
112, 1551
402, 688
315, 1268
404, 1936
303, 2316
320, 2549
154, 1001
306, 187
118, 969
401, 710
207, 1166
480, 2178
118, 2832
39, 1519
245, 2374
105, 2033
1, 2916
317, 2605
227, 2318
162, 1376
267, 1043
473, 2282
10, 2549
60, 751
264, 2420
398, 102
310, 618
266, 1435
170, 1817
495, 903
397, 2257
489, 2823
341, 1014
39, 2586
22, 2942
470, 43
243, 127
347, 2599
421, 2543
12, 208
415, 2989
403, 2352
220, 61
80, 770
408, 1746
354, 1705
39, 355
210, 2644
264, 2951
177, 625
265, 2589
415, 1854
323, 1157
4, 1488
158, 1626
311, 2994
463, 2921
326, 143
479, 354
282, 714
55, 2973
476, 850
309, 329
184, 2692
311, 2565
326, 2600
43, 2689
303, 2534
55, 295
399, 609
174, 1459
153, 2761
333, 290
166, 2783
28, 2726
24, 2545
193, 1439
188, 2469
500, 598
91, 2074
140, 2027
98, 2858
350, 230
440, 268
228, 1170
409, 2519
305, 1006
494, 2720
435, 485
472, 508
246, 1085
282, 2065
101, 1444
134, 1454
372, 671
231, 2380
385, 1284
174, 172
183, 2479
120, 1095
164, 50
40, 1765
274, 1486
346, 1653
71, 654
175, 707
123, 1378
380, 103
124, 793
154, 314
220, 1583
40, 1988
265, 1566
166, 97
321, 2329
429, 1890
9, 1892
115, 1439
458, 1983
425, 1866
168, 129
4, 2462
64, 2897
145, 1287
300, 2848
170, 2876
317, 75
38, 1303
140, 716
153, 397
137, 719
236, 2864
470, 1434
371, 2417
189, 1774
271, 1859
410, 2947
182, 1020
132, 1519
23, 940
74, 1127
315, 352
454, 2822
457, 376
438, 818
31, 1524
83, 446
413, 2782
455, 1874
287, 1128
150, 2495
219, 2478
58, 2398
93, 1678
300, 944
337, 2964
475, 2096
251, 954
156, 2461
244, 2157
112, 76
32, 162
330, 994
344, 199
21, 1414
132, 583
206, 253
199, 2189
6, 2327
494, 794
316, 167
174, 1129
202, 2696
277, 1055
143, 2427
285, 1776
116, 1037
445, 1476
240, 1453
61, 1089
250, 100
41, 826
133, 1412
285, 1245
392, 515
188, 27
311, 65
295, 8
411, 1996
250, 66
222, 2365
402, 702
328, 243
230, 1717
90, 1118
164, 1950
260, 102
254, 1942
338, 82
470, 2394
267, 2804
344, 1285
475, 2633
160, 373
146, 2342
473, 455
322, 2167
397, 747
167, 233
370, 650
439, 399
16, 1531
337, 1954
240, 1998
302, 2216
339, 2824
394, 559
125, 157
425, 1620
17, 1819
448, 1060
390, 482
415, 283
288, 1234
85, 2963
417, 222
125, 292
43, 2348
171, 2698
382, 1214
97, 2781
326, 2770
359, 569
167, 2205
304, 2701
39, 1271
499, 49
494, 2072
469, 2208
204, 1265
482, 1765
179, 2165
424, 410
279, 2685
213, 212
93, 1754
218, 1226
16, 1486
34, 2740
371, 1052
394, 2585
475, 1654
469, 1872
477, 2052
87, 984
237, 2842
450, 1307
397, 2083
150, 1389
286, 2041
316, 2642
100, 1575
110, 918
373, 150
117, 430
185, 1555
331, 2587
440, 1793
92, 639
377, 291
197, 888
127, 562
205, 265
415, 2412
317, 1440
166, 1654
262, 410
455, 1544
296, 2042
65, 2566
186, 2857
351, 1784
145, 560
113, 551
26, 1185
401, 735
409, 2379
62, 52
124, 939
136, 2093
301, 1871
484, 2574
480, 1567
71, 617
149, 709
336, 916
71, 1619
355, 2958
62, 1755
54, 1418
347, 49
374, 758
173, 37
473, 2862
430, 117
88, 1241
136, 48
12, 62
187, 605
67, 2695
321, 417
189, 1290
174, 1639
125, 953
466, 2041
146, 992
265, 1997
398, 1459
117, 2659
42, 2618
99, 1755
308, 1941
144, 2260
354, 241
62, 383
204, 237
108, 234
346, 230
478, 2752
340, 133
123, 294
351, 2435
417, 440
116, 1699
335, 337
84, 1989
43, 498
331, 1627
293, 2857
106, 1660
413, 2803
33, 1335
441, 1701
9, 2450
203, 380
388, 2207
435, 253
143, 2943
164, 1534
493, 2481
429, 2050
166, 1043
362, 1492
413, 1113
349, 931
152, 2988
76, 1060
263, 1417
293, 214
332, 514
290, 702
278, 1354
86, 1850
299, 906
277, 2458
248, 377
483, 651
89, 2872
397, 2030
415, 2387
462, 37
180, 2091
43, 1366
416, 704
411, 600
377, 1348
277, 2161
69, 267
13, 2298
331, 1582
231, 1202
114, 2063
143, 1303
58, 1375
30, 668
392, 1291
176, 2052
445, 2197
271, 181
243, 2295
340, 1287
409, 1450
334, 2251
425, 2628
348, 945
303, 1200
388, 1121
230, 176
387, 2907
123, 437
387, 2059
169, 2615
388, 2412
53, 2368
235, 1853
361, 250
436, 2848
125, 2601
308, 607
59, 1803
363, 2410
115, 1684
276, 1283
472, 2423
87, 2739
337, 2726
207, 1077
117, 778
238, 1911
38, 1766
462, 954
124, 1414
39, 2431
467, 101
427, 1977
498, 851
217, 2321
203, 1318
113, 2252
33, 112
225, 2073
160, 2182
242, 2367
45, 2336
70, 2764
154, 1116
238, 2544
308, 525
104, 383
443, 18
451, 2981
135, 2457
467, 627
207, 1409
33, 1880
152, 2119
103, 972
168, 832
220, 310
332, 1902
99, 565
123, 2254
266, 779
72, 725
156, 5
471, 2971
80, 2375
449, 352
173, 2084
427, 355
354, 2835
474, 2273
485, 398
53, 1594
73, 1628
338, 2359
262, 1998
190, 288
191, 1279
288, 2698
70, 2548
310, 517
150, 418
365, 132
266, 1983
466, 2462
446, 1673
258, 177
48, 555
294, 694
342, 310
172, 847
363, 860
435, 1893
371, 1304
453, 2854
87, 2937
380, 2308
474, 732
134, 2921
75, 337
278, 2710
140, 926
492, 99
232, 208
49, 897
249, 2409
137, 155
273, 1691
142, 1106
128, 2042
262, 567
79, 2439
392, 2428
151, 2848
500, 1836
51, 2541
5, 217
232, 2046
85, 2060
373, 1753
376, 2126
236, 2431
77, 1765
153, 2798
27, 2971
332, 2353
215, 681
269, 1411
28, 688
248, 2026
244, 240
303, 1384
61, 1561
298, 1590
196, 1167
122, 2441
445, 355
270, 1334
69, 2779
390, 2889
314, 1668
413, 2921
441, 718
98, 2992
446, 1398
47, 47
5, 1857
183, 1110
408, 595
483, 2664
94, 2616
500, 2300
238, 2354
283, 1865
285, 2377
117, 1673
190, 848
226, 2806
140, 2836
94, 1819
399, 2144
300, 857
375, 619
439, 2193
431, 1411
306, 337
170, 1531
51, 504
76, 1784
351, 1915
427, 1041
166, 1490
93, 1525
467, 1277
6, 1654
480, 2391
308, 2755
441, 437
87, 2371
458, 808
306, 661
498, 829
404, 2821
110, 1894
28, 2553
183, 170
174, 665
493, 2375
165, 1277
417, 2816
130, 0
497, 217
307, 1274
248, 1927
173, 2364
77, 2477
309, 1924
397, 721
101, 1281
86, 684
464, 680
89, 1352
91, 2188
205, 453
180, 885
222, 2524
197, 367
421, 389
1, 947
219, 619
143, 2554
443, 1012
424, 1078
326, 831
184, 2251
202, 942
493, 914
399, 2531
120, 2711
227, 2703
92, 1296
144, 2045
493, 278
459, 158
130, 2440
260, 213
368, 42
37, 1626
147, 357
482, 412
302, 2520
403, 487
310, 2260
220, 374
217, 901
270, 1818
78, 1836
26, 1128
57, 2353
388, 1536
257, 22
458, 345
409, 2607
431, 2987
329, 1182
159, 1477
434, 650
17, 468
225, 607
108, 2757
76, 2746
423, 2729
22, 2507
300, 471
318, 76
100, 80
116, 2513
85, 2860
360, 205
393, 2970
72, 972
130, 676
273, 2688
488, 2865
177, 2466
347, 267
300, 1210
214, 1281
296, 1370
422, 152
351, 1708
18, 2978
210, 300
457, 1520
137, 1689
394, 1651
358, 2612
456, 670
197, 283
311, 1744
1, 1776
206, 2414
154, 513
86, 1349
68, 421
248, 1741
261, 1140
263, 2153
150, 2485
163, 2818
322, 2597
18, 2939
333, 2131
168, 1104
489, 665
38, 1784
359, 132
435, 1249
428, 556
500, 2442
254, 1783
286, 188
483, 673
459, 1913
382, 1030
205, 55
70, 175
203, 2502
135, 859
314, 1660
410, 973
247, 2315
201, 2267
376, 2360
270, 1262
388, 172
34, 37
37, 2855
357, 1717
345, 192
284, 2044
221, 1977
158, 1051
39, 1687
357, 48
486, 2728
494, 1027
52, 1581
237, 401
212, 911
226, 1292
50, 2910
420, 2468
320, 28
236, 494
90, 511
241, 122
34, 1990
444, 2363
79, 1387
319, 360
357, 1550
49, 1575
110, 747
325, 2865
331, 2290
311, 1873
293, 1132
183, 2021
227, 1053
43, 2471
442, 493
218, 62
416, 2272
284, 2813
498, 2837
77, 1653
105, 2580
366, 566
404, 2001
274, 2529
485, 1581
282, 2857
253, 2019
393, 1839
414, 416
75, 2797
100, 1195
389, 2098
371, 525
493, 1252
21, 1066
415, 1284
392, 21
245, 2603
167, 1650
292, 435
406, 1444
197, 1968
92, 671
252, 973
481, 1855
271, 1362
409, 2704
211, 1347
216, 2695
115, 324
36, 981
313, 2409
368, 1572
71, 2074
347, 426
191, 484
371, 2427
212, 2514
88, 1059
253, 1658
24, 1896
151, 1324
176, 2734
24, 1589
257, 1668
358, 1186
82, 2107
175, 512
163, 2663
315, 464
151, 486
431, 383
70, 94
226, 2220
317, 763
132, 203
332, 886
372, 791
427, 1241
295, 547
196, 1174
264, 609
32, 848
477, 2516
477, 2585
222, 688
380, 1450
140, 754
81, 2049
319, 1649
249, 220
434, 2780
456, 2741
78, 781
259, 1702
254, 107
32, 1443
38, 1589
234, 214
342, 2770
500, 2174
347, 2614
354, 2009
397, 279
195, 1664
267, 102
342, 626
25, 2592
483, 2144
443, 1596
347, 744
308, 2135
305, 53
202, 2691
311, 2324
428, 1150
357, 1577
498, 1551
164, 1464
460, 883
384, 463
224, 2269
292, 1648
37, 301
111, 2269
369, 103
353, 1100
500, 2780
175, 1658
267, 1246
56, 2708
437, 1148
129, 1272
404, 621
79, 2418
395, 2490
444, 1690
419, 2844
409, 2627
36, 653
48, 2487
476, 2786
174, 206
367, 2190
94, 1613
394, 1402
53, 1450
298, 2432
374, 1390
76, 1574
67, 1572
420, 2160
12, 110
162, 239
446, 2158
481, 133
104, 2306
191, 2474
305, 1585
14, 888
115, 1586
82, 211
429, 1323
63, 2869
446, 1311
290, 846
267, 561
69, 272
166, 525
284, 72
374, 2054
308, 2336
44, 1242
86, 1010
236, 1009
495, 2391
345, 2260
375, 622
81, 2971
376, 2600
116, 1087
79, 2335
104, 2598
295, 1215
296, 1124
178, 2605
483, 1574
248, 28
125, 2027
65, 14
352, 1963
71, 1071
391, 1017
30, 2862
100, 869
221, 813
325, 1722
79, 2975
418, 2510
46, 289
457, 2712
59, 2697
154, 259
139, 91
294, 401
302, 347
248, 1123
266, 1500
231, 580
63, 671
100, 2798
162, 1807
447, 1988
388, 657
460, 2470
250, 1298
401, 2707
248, 1952
95, 2865
95, 1922
195, 479
206, 732
314, 1548
408, 1154
48, 2713
20, 2685
54, 145
291, 524
240, 801
345, 2474
391, 993
7, 2173
80, 1274
119, 911
141, 603
141, 2493
92, 2764
171, 2069
199, 2427
49, 708
275, 348
155, 613
45, 1442
316, 2062
450, 373
303, 1333
307, 1108
425, 2288
486, 2978
407, 257
89, 1597
389, 1784
41, 2721
140, 330
258, 2587
441, 2768
66, 1521
96, 506
199, 127
428, 1258
107, 1332
76, 2110
7, 1499
255, 573
4, 213
189, 1666
326, 68
43, 662
482, 1363
134, 2256
200, 1025
483, 1647
219, 1812
122, 1881
405, 249
93, 1548
214, 2154
288, 1881
92, 2929
343, 1200
265, 169
88, 359
202, 11
139, 540
376, 2750
272, 2634
41, 2032
229, 2000
224, 1817
405, 2692
411, 1119
409, 407
291, 1491
381, 818
114, 1530
408, 2479
496, 1264
69, 2194
43, 736
109, 2886
314, 22
195, 1324
492, 2693
97, 1326
323, 2772
186, 697
452, 354
26, 2801
358, 939
106, 1038
388, 19
437, 733
283, 952
330, 1049
61, 2300
397, 2752
416, 2175
481, 1274
478, 1739
113, 2196
323, 97
468, 1963
453, 1057
202, 132
116, 1350
276, 648
475, 832
139, 157
133, 275
50, 144
261, 165
323, 509
278, 1013
469, 2521
63, 2423
407, 2143
456, 444
320, 1583
125, 2446
366, 2093
475, 992
37, 805
58, 1300
223, 1476
271, 1863
442, 369
175, 95
74, 1955
164, 28
361, 2940
414, 580
112, 1779
111, 833
209, 128
233, 2373
154, 2256
85, 2958
457, 1264
254, 1820
403, 1701
423, 1142
489, 1146
159, 1805
132, 972
234, 33
441, 2928
88, 1639
208, 1172
266, 1364
315, 954
145, 1491
258, 1136
149, 66
395, 997
171, 1931
92, 750
75, 1342
332, 2166
220, 2332
319, 1213
461, 494
489, 2535
181, 2004
183, 2989
271, 2593
491, 1601
161, 1643
18, 2370
387, 257
171, 2304
81, 2686
498, 977
193, 2306
194, 1074
442, 1143
104, 929
299, 2088
130, 1831
320, 1678
261, 531
97, 668
8, 2042
424, 2378
450, 2994
163, 888
210, 2525
251, 464
73, 2291
147, 1446
343, 1569
351, 1859
156, 1286
294, 604
292, 1659
118, 1025
90, 1306
196, 130
439, 1727
370, 1924
221, 612
30, 2809
371, 1417
206, 302
112, 1464
132, 1861
60, 2967
333, 883
405, 1118
417, 2004
265, 2848
55, 1418
294, 550
336, 285
211, 79
93, 876
85, 668
494, 2817
222, 1071
217, 2499
149, 1852
457, 653
320, 368
77, 2124
128, 1414
228, 2550
395, 888
378, 965
40, 883
241, 2970
296, 1475
351, 463
476, 533
113, 2069
92, 2796
393, 796
367, 666
204, 2937
452, 2280
178, 441
217, 650
88, 2076
238, 1121
196, 2237
66, 2372
156, 1278
223, 2689
353, 2280
500, 1420
250, 807
152, 2186
350, 1124
437, 768
387, 2461
211, 1668
281, 719
376, 901
335, 2091
53, 1319
417, 2911
178, 86
63, 275
367, 876
14, 2971
59, 461
309, 1989
247, 2327
460, 2336
85, 2488
216, 277
401, 2583
54, 2481
100, 53
319, 2104
100, 2380
344, 1222
50, 2181
332, 1918
33, 2544
267, 1310
134, 2836
486, 2641
104, 2255
462, 2100
181, 1439
493, 1661
455, 1094
476, 724
399, 76
242, 1046
84, 1246
214, 1982
452, 2349
162, 1308
348, 1898
124, 1458
205, 844
345, 1529
124, 364
76, 2179
458, 56
5, 2737
368, 628
296, 2588
388, 2279
10, 1520
288, 792
239, 1597
21, 1041
13, 263
300, 2340
288, 1286
356, 1083
415, 1608
161, 2900
240, 1121
308, 1664
60, 1052
321, 669
206, 244
162, 2753
94, 1332
269, 719
146, 2916
225, 2054
485, 1173
146, 469
396, 2619
159, 2675
107, 2673
298, 1346
44, 1331
143, 1332
438, 100
5, 2573
389, 32
362, 1792
398, 2300
442, 1014
320, 114
156, 1592
67, 1936
197, 870
80, 1088
198, 2441
248, 970
80, 234
393, 1421
251, 1949
384, 1957
264, 1088
122, 2518
273, 1318
183, 1766
411, 337
84, 2913
118, 339
353, 1702
242, 1357
67, 2310
97, 176
404, 2469
70, 2041
418, 1018
156, 106
17, 49
55, 2883
265, 1567
37, 584
59, 1917
361, 1164
348, 2245
355, 2363
173, 2233
48, 2117
162, 1972
95, 334
490, 2520
449, 146
408, 1262
326, 1070
116, 2749
386, 1833
453, 1577
171, 1066
176, 748
20, 147
390, 339
55, 2619
386, 2423
479, 482
57, 2652
202, 1645
347, 1926
495, 345
403, 2223
384, 380
199, 1149
91, 375
219, 2016
451, 439
29, 1369
354, 1643
490, 1806
365, 2400
440, 1139
456, 2024
115, 186
264, 442
493, 523
55, 2258
338, 1126
24, 2497
261, 1901
316, 1559
15, 999
337, 1757
18, 1175
81, 1807
481, 699
167, 1918
47, 2568
194, 2620
157, 1323
211, 2201
286, 1763
238, 2402
62, 2330
364, 1297
295, 1
477, 583
184, 947
125, 238
75, 2018
405, 2748
415, 1974
171, 2649
227, 2196
66, 2897
195, 2075
61, 2853
128, 977
19, 1452
271, 2156
422, 791
47, 581
261, 2443
207, 2919
486, 79
240, 246
421, 1652
416, 2218
370, 404
453, 1570
239, 2484
132, 1957
311, 2323
213, 1947
243, 525
332, 843
468, 1585
295, 2350
40, 397
468, 384
34, 2524
50, 1439
401, 789
499, 379
53, 1757
383, 1758
162, 1399
213, 2573
125, 2648
224, 908
97, 1647
346, 1336
499, 905
301, 1630
243, 1043
34, 313
124, 136
39, 2664
353, 443
20, 1982
94, 1006
387, 1595
194, 1008
378, 1144
215, 1965
126, 1864
149, 1840
1, 1146
151, 372
495, 1106
157, 1192
258, 1007
91, 2504
41, 2783
239, 1056
1, 2359
242, 2036
152, 1623
11, 1890
126, 322
473, 985
5, 43
80, 2147
404, 171
316, 694
92, 1927
378, 768
444, 597
356, 32
207, 2511
424, 1202
408, 2353
85, 2474
490, 109
46, 2498
290, 2358
235, 1967
2, 377
493, 2333
8, 2103
466, 1450
64, 2287
451, 2992
483, 2688
388, 1332
233, 2700
262, 1052
394, 1817
11, 686
325, 1113
86, 27
497, 2801
261, 50
350, 574
73, 304
268, 2163
65, 1749
132, 895
152, 619
116, 972
217, 1480
236, 2618
476, 82
26, 2634
259, 1418
190, 343
487, 2849
9, 1542
30, 991
496, 2526
355, 1722
46, 2642
41, 2972
78, 212
55, 2077
490, 164
408, 1279
198, 2982
191, 1873
65, 649
355, 2283
327, 2643
378, 144
151, 858
312, 1778
24, 2069
419, 983
480, 2081
13, 1088
444, 104
158, 1475
71, 548
301, 2558
221, 2618
362, 1844
51, 1249
482, 2541
474, 681
474, 1517
258, 1392
305, 2766
30, 1951
474, 977
274, 772
359, 2776
413, 2209
429, 2615
380, 505
392, 2601
79, 955
350, 2383
323, 1431
147, 475
246, 1861
296, 979
16, 1373
95, 864
442, 1409
359, 342
493, 2670
437, 750
93, 481
355, 1719
40, 927
228, 260
494, 1197
449, 2079
114, 2590
439, 554
147, 547
291, 2806
62, 1884
380, 2605
221, 285
371, 1313
413, 804
65, 2024
12, 102
92, 1207
9, 1153
371, 2427
301, 2196
158, 710
164, 371
107, 2999
389, 2751
212, 2114
452, 2666
425, 2023
133, 760
77, 2887
498, 33
241, 720
266, 2795
33, 1593
252, 1740
348, 17
500, 1972
99, 922
261, 2425
397, 1187
368, 1077
138, 2420
113, 2378
470, 298
96, 342
249, 2938
375, 2841
474, 994
103, 1627
233, 635
108, 2267
118, 259
336, 1210
388, 599
212, 1877
222, 2605
437, 1945
421, 1343
417, 1577
379, 2572
237, 2395
272, 128
381, 2466
8, 2700
88, 1692
337, 400
366, 2107
111, 1661
307, 1456
49, 1159
369, 2867
358, 2031
495, 71
18, 927
458, 2915
380, 1983
136, 2228
385, 877
419, 2069
203, 784
88, 153
60, 2533
2, 1343
245, 226
179, 315
127, 376
162, 574
397, 2439
433, 1004
128, 2529
478, 2755
61, 0
177, 251
405, 2291
370, 1721
355, 2859
83, 117
414, 333
344, 1652
325, 2240
455, 920
462, 1645
269, 250
179, 319
329, 1842
300, 1432
454, 1901
253, 1451
281, 2517
299, 1888
130, 119
244, 505
429, 2918
472, 308
51, 981
235, 2113
499, 393
472, 539
342, 100
252, 899
207, 2550
173, 88
89, 1206
98, 2251
98, 511
128, 1967
87, 1366
45, 2670
50, 1063
17, 854
408, 2487
391, 2098
235, 2835
92, 701
39, 1336
351, 2185
457, 2100
187, 2566
164, 2178
90, 2838
90, 1131
282, 4
192, 2591
28, 229
70, 2876
350, 2687
450, 325
461, 247
435, 2651
351, 487
481, 249
334, 2195
332, 1377
339, 1492
335, 1820
327, 1054
156, 2935
204, 1236
302, 2169
427, 940
58, 808
366, 1996
182, 700
173, 1515
179, 2099
303, 2949
3, 2364
15, 790
57, 2223
196, 40
193, 585
83, 520
316, 693
135, 146
428, 2190
384, 125
356, 569
401, 176
444, 711
447, 1540
220, 2193
299, 988
295, 1644
299, 1214
491, 1052
315, 1166
484, 1388
111, 2328
426, 2027
470, 202
111, 2930
225, 2180
494, 2906
184, 1568
275, 515
22, 964
257, 463
12, 1534
302, 318
195, 1295
414, 2258
7, 648
169, 2146
251, 2513
202, 523
18, 17
219, 770
107, 1983
363, 2279
70, 1311
356, 284
208, 552
62, 371
461, 386
80, 2405
209, 1477
438, 606
416, 2812
159, 190
167, 744
281, 2243
77, 2938
223, 2802
94, 0
87, 2596
128, 737
203, 1013
271, 1627
331, 584
431, 2601
320, 214
394, 2507
111, 1773
59, 157
288, 1869
251, 2601
30, 230
270, 2601
456, 1301
354, 2364
51, 2541
209, 1050
367, 1058
341, 2819
476, 2065
133, 2537
123, 188
122, 366
205, 1265
483, 2487
460, 1658
447, 256
212, 1167
482, 1786
10, 887
91, 2055
225, 614
405, 1246
149, 1648
376, 1074
237, 516
280, 1517
117, 2540
361, 1386
309, 2040
433, 2431
29, 698
391, 913
181, 2876
180, 1234
81, 2733
389, 117
363, 2763
13, 1506
481, 1771
333, 629
199, 1916
494, 2249
177, 1545
219, 1258
490, 1253
20, 2456
109, 2432
230, 831
236, 1360
161, 1300
324, 2979
404, 1618
412, 1376
28, 2881
342, 2558
140, 2952
69, 292
318, 1882
144, 1016
395, 108
467, 2651
29, 1390
320, 2489
354, 2520
218, 1990
388, 572
27, 788
447, 1881
463, 1866
75, 808
273, 174
181, 2879
306, 482
273, 2042
489, 2972
367, 2282
414, 1104
414, 2734
56, 2793
297, 1509
97, 1652
421, 1494
204, 853
292, 2703
299, 315
201, 2265
418, 2662
36, 1893
424, 1705
269, 1984
93, 1618
105, 505
299, 1231
454, 2771
487, 490
357, 245
119, 965
421, 1839
125, 1705
458, 840
13, 424
235, 58
128, 1243
81, 79
487, 893
358, 2357
248, 798
383, 1564
468, 595
310, 121
341, 595
492, 1963
234, 2117
443, 778
334, 365
404, 1703
374, 1645
359, 391
304, 2272
344, 2033
21, 2890
31, 1631
290, 2347
131, 1601
370, 2226
436, 1148
32, 1494
435, 1330
384, 2184
219, 2619
217, 1500
283, 754
263, 486
456, 2618
422, 2354
108, 1983
39, 2588
80, 1897
198, 1517
14, 2930
126, 879
300, 217
29, 1880
366, 2023
276, 650
322, 383
132, 219
279, 2803
22, 768
67, 1945
261, 1540
351, 684
266, 2342
30, 2727
325, 2889
372, 1820
271, 1446
445, 283
411, 492
73, 1766
455, 1711
312, 1689
199, 1837
268, 2127
269, 1949
115, 1295
174, 2371
347, 2413
177, 2382
4, 1957
202, 1339
266, 859
261, 1586
471, 2686
296, 2630
420, 67
275, 1651
380, 1301
411, 1703
46, 2082
479, 2210
345, 2720
349, 1482
22, 1382
44, 383
498, 576
458, 1862
93, 1811
148, 673
163, 558
401, 2187
131, 2545
21, 2426
106, 2167
300, 221
453, 1879
17, 2380
439, 1449
465, 1646
282, 2419
291, 1445
89, 2891
481, 1807
372, 2767
256, 846
72, 744
190, 799
366, 2773
318, 1136
230, 60
210, 521
453, 2403
125, 613
388, 61
383, 1899
20, 2144
262, 1236
8, 1747
282, 1537
178, 660
345, 1733
47, 2207
434, 2349
332, 411
385, 945
333, 2935
496, 1634
350, 170
452, 1683
29, 1656
150, 1932
212, 2280
337, 2833
248, 1722
258, 1169
247, 1438
220, 2450
382, 1544
134, 2762
303, 2335
350, 2297
419, 2076
71, 2354
479, 344
3, 792
313, 1095
79, 1333
146, 2168
221, 1078
476, 1438
205, 1722
150, 1009
416, 281
216, 2629
289, 2089
221, 933
145, 932
75, 1608
227, 2206
74, 2361
325, 1042
473, 1636
270, 2147
470, 836
225, 640
37, 2026
323, 2769
277, 2425
37, 158
315, 2188
477, 1647
251, 2280
106, 86
17, 1550
99, 921
453, 1256
254, 139
164, 357
39, 2410
444, 2440
77, 1587
318, 1523
235, 257
366, 2793
135, 2285
187, 328
71, 2279
234, 1837
270, 195
229, 1130
24, 2431
298, 1659
6, 1761
430, 1798
329, 2877
252, 1616
317, 1715
239, 2372
89, 943
38, 710
310, 1986
292, 1646
410, 374
356, 320
407, 2247
24, 104
217, 1309
487, 1075
493, 1622
368, 905
417, 320
109, 1847
181, 1876
425, 1145
83, 2422
246, 2364
134, 1401
347, 2817
112, 2472
218, 1501
167, 1175
106, 221
108, 1255
169, 847
356, 2440
333, 2692
118, 2313
9, 338
109, 2283
179, 1430
99, 1939
180, 2638
276, 574
288, 1293
194, 2512
36, 2887
213, 133
350, 2748
194, 2624
212, 506
33, 2362
330, 58
177, 2633
70, 605
38, 754
405, 1528
385, 1850
49, 874
298, 1278
49, 1078
419, 2730
386, 812
485, 2454
180, 497
42, 821
272, 2871
110, 1527
350, 2272
398, 1463
13, 1276
446, 478
480, 2834
199, 990
161, 1346
126, 819
229, 2185
12, 731
15, 566
499, 855
385, 2097
78, 1377
41, 1299
234, 2397
5, 1689
441, 308
275, 258
151, 2236
124, 104
223, 515
135, 2867
367, 698
21, 240
221, 79
213, 537
452, 1834
304, 2039
99, 1433
427, 626
421, 1375
296, 2225
377, 439
130, 2820
224, 1558
259, 518
13, 2350
53, 457
5, 303
247, 2242
2, 2601
263, 451
342, 220
309, 2399
100, 2016
189, 672
83, 2792
22, 2492
114, 33
39, 222
9, 689
376, 441
163, 2883
454, 2431
157, 527
486, 2512
478, 213
456, 1254
443, 2314
381, 2389
147, 2075
233, 368
328, 374
183, 1870
10, 1377
182, 76
394, 1850
152, 1756
155, 2197
457, 1859
397, 1404
375, 1992
245, 2456
230, 704
154, 1822
195, 1990
233, 549
149, 111
97, 2228
284, 1988
215, 9
66, 962
312, 2059
49, 1955
365, 1849
88, 2079
191, 507
494, 789
249, 2662
79, 2650
463, 694
216, 2005
485, 2251
139, 2497
421, 726
457, 801
178, 845
69, 955
326, 2434
183, 1915
218, 1250
329, 112
149, 2305
413, 523
332, 1722
320, 2435
350, 1444
171, 198
473, 2137
333, 154
463, 1984
305, 1138
322, 2866
122, 1412
131, 1
216, 2959
42, 2877
365, 2609
245, 1792
6, 415
235, 2433
1, 2574
183, 1678
105, 262
354, 2330
104, 1678
277, 750
160, 10
196, 1756
460, 185
185, 1030
375, 2723
469, 733
73, 48
94, 2574
97, 2811
61, 1958
158, 2438
467, 1918
221, 1159
311, 2242
36, 2128
211, 596
151, 2461
428, 1166
169, 1278
111, 2412
285, 2195
442, 1823
231, 1871
101, 2325
20, 798
375, 2350
351, 1456
137, 1002
359, 543
205, 1150
50, 1685
11, 2646
53, 2407
113, 1540
63, 2286
89, 1446
332, 2556
10, 1582
192, 1115
80, 2651
494, 2793
85, 1004
176, 1544
96, 1413
412, 2010
48, 1754
55, 105
138, 1480
286, 12
12, 899
276, 1278
396, 850
156, 2065
485, 79
175, 152
21, 2378
276, 2514
454, 413
129, 650
394, 2714
75, 2722
479, 953
398, 2280
477, 1462
251, 1777
361, 2479
218, 2106
198, 699
287, 1470
90, 2525
354, 690
286, 2896
348, 2516
291, 1204
261, 1233
474, 167
20, 2877
51, 2960
158, 2765
255, 2300
103, 145
419, 2219
374, 2974
117, 1652
48, 632
14, 2333
140, 708
421, 1519
290, 395
376, 1774
190, 2618
381, 719
480, 2070
496, 2162
443, 1710
252, 1678
75, 417
263, 1460
380, 918
188, 2523
244, 314
152, 1410
129, 651
321, 1661
301, 1387
360, 2375
374, 2817
149, 2198
138, 1786
225, 491
44, 1877
384, 120
438, 11
461, 1245
136, 189
239, 307
241, 136
17, 1889
472, 2443
174, 2029
1, 1049
352, 2218
383, 1690
468, 2047
83, 2564
19, 1081
323, 1407
111, 519
252, 909
12, 130
390, 1776
78, 1672
463, 2046
373, 2630
406, 1872
157, 514
55, 1208
232, 851
407, 2112
96, 1912
66, 584
354, 1125
234, 335
277, 5
166, 2683
413, 1489
169, 2659
425, 206
413, 1657
296, 492
244, 93
8, 930
130, 2885
95, 1903
59, 1185
427, 116
436, 2562
65, 2150
102, 1779
127, 1895
500, 1351
20, 132
279, 2850
29, 64
223, 1508
17, 2751
76, 560
309, 24
274, 538
282, 986
383, 2911
452, 2935
356, 23
97, 253
499, 765
196, 1289
64, 239
148, 2079
106, 2224
208, 1844
162, 915
117, 2284
443, 547
430, 640
92, 1989
32, 2783
239, 2047
500, 469
14, 2106
142, 2929
130, 1970
84, 2192
48, 894
346, 2831
68, 195
140, 445
281, 1027
19, 2175
121, 2330
97, 566
427, 2202
23, 2371
51, 180
9, 306
267, 1103
455, 1508
393, 381
47, 6
264, 1416
305, 2303
235, 1765
476, 399
172, 406
300, 2755
262, 2203
362, 469
88, 1795
381, 2761
187, 2684
408, 26
306, 2010
381, 2474
140, 2884
341, 1200
403, 1498
283, 1564
100, 666
276, 1710
12, 363
260, 2941
210, 376
299, 931
302, 2886
342, 749
90, 2897
474, 1073
488, 1032
440, 2408
185, 2881
346, 1275
85, 2167
193, 769
412, 456
169, 1398
212, 971
494, 704
465, 1951
417, 1803
490, 782
423, 2989
306, 2776
310, 835
312, 932
159, 90
147, 2361
427, 265
487, 947
218, 2011
405, 169
337, 147
45, 1732
416, 265
378, 2602
229, 2665
231, 119
84, 474
346, 477
440, 316
26, 1098
11, 403
278, 2368
218, 16
428, 2723
44, 1718
52, 291
145, 122
266, 1920
455, 1291
351, 2925
181, 2073
401, 206
169, 2555
97, 2403
392, 2552
67, 2047
51, 1231
105, 2434
429, 1042
281, 73
284, 2261
260, 1336
406, 1533
24, 982
110, 819
442, 2726
423, 1439
485, 46
373, 1649
96, 2192
170, 323
494, 1398
333, 1803
166, 714
291, 757
484, 1795
182, 2357
35, 1396
355, 2561
266, 1263
479, 1364
301, 847
462, 2759
278, 1683
453, 843
468, 566
239, 1370
356, 939
370, 2491
387, 2029
60, 2931
144, 1061
249, 1897
440, 2005
404, 1194
360, 737
350, 2979
302, 893
399, 1269
65, 2521
200, 243
375, 962
337, 31
28, 1290
329, 298
377, 2071
428, 1874
435, 761
158, 2701
375, 1141
321, 1476
47, 415
5, 276
6, 604
480, 1949
460, 1149
215, 2805
366, 487
106, 2967
114, 400
408, 2269
420, 2996
224, 2901
73, 1085
80, 54
247, 729
207, 340
342, 2453
394, 449
473, 2304
154, 2716
418, 770
38, 2926
209, 2003
41, 2374
99, 2248
208, 2655
208, 2352
282, 2871
298, 2276
96, 680
125, 1277
192, 1588
497, 1952
189, 2145
395, 1524
206, 52
265, 212
485, 849
324, 1424
110, 265
23, 2550
389, 580
485, 2630
52, 2798
199, 1035
330, 2926
470, 1133
474, 241
393, 1387
412, 630
236, 589
351, 1922
17, 2656
47, 1251
58, 2499
17, 1258
352, 727
454, 2114
335, 1563
313, 797
12, 1045
97, 2853
344, 164
200, 1272
450, 1090
277, 1796
244, 23
229, 2586
338, 2937
329, 2176
209, 624
87, 2254
176, 2109
240, 2314
382, 1283
1, 2999
75, 2494
467, 2936
264, 831
446, 2683
210, 1769
328, 2656
175, 1326
100, 345
197, 2811
10, 259
292, 667
334, 378
203, 359
470, 563
78, 874
368, 1402
83, 1314
257, 2748
26, 1146
236, 1351
448, 2669
87, 254
368, 110
212, 2425
338, 371
107, 2545
94, 2423
344, 2928
412, 1638
221, 103
198, 2659
415, 2489
201, 2525
378, 2829
374, 1969
38, 2377
401, 1361
164, 2001
205, 1530
318, 2559
152, 1435
128, 1293
240, 2953
276, 1422
239, 2888
397, 1866
336, 659
416, 2328
363, 2004
360, 589
480, 192
340, 1787
167, 2050
323, 1446
412, 151
232, 2000
51, 1561
452, 2139
35, 2029
346, 2526
393, 744
21, 2809
154, 2894
445, 1499
373, 2482
84, 1371
432, 666
223, 995
242, 2042
398, 1688
495, 2753
376, 574
351, 2193
460, 2729
409, 631
10, 310
53, 1482
134, 1047
177, 1448
357, 2142
474, 1140
53, 1569
89, 2204
46, 235
452, 679
386, 524
216, 556
469, 478
249, 1853
104, 160
59, 2738
400, 1696
315, 386
60, 225
194, 1789
180, 1597
294, 1021
360, 507
317, 1434
97, 1889
196, 540
230, 2069
56, 2403
391, 1109
365, 1891
7, 2911
389, 820
1, 2570
464, 605
427, 203
451, 200
486, 996
193, 1801
477, 1158
66, 728
40, 1616
115, 758
300, 1392
427, 420
366, 2037
286, 1022
250, 1511
179, 2895
316, 1566
375, 1966
206, 2328
413, 2654
351, 207
396, 972
479, 2886
226, 1689
379, 1355
439, 607
233, 1456
249, 849
403, 2324
104, 1610
329, 1407
413, 256
296, 162
121, 1745
61, 1564
400, 1315
224, 138
119, 322
319, 2982
151, 1842
186, 792
500, 1389
257, 1314
46, 1678
500, 916
176, 1212
447, 1512
351, 1282
355, 25
241, 2099
458, 261
455, 1667
287, 577
481, 1296
269, 1355
298, 1751
418, 1698
464, 2164
27, 2481
198, 2081
227, 2739
317, 95
393, 1769
36, 2027
24, 623
160, 1223
187, 828
192, 1441
50, 1152
174, 537
100, 2176
463, 2988
218, 1316
106, 662
108, 154
417, 1876
155, 2924
19, 1431
487, 876
310, 317
220, 2727
141, 2289
44, 1007
342, 1651
240, 2771
155, 426
157, 2441
122, 829
105, 388
223, 1649
255, 552
118, 2997
220, 1082
103, 2409
372, 2021
107, 2389
245, 711
220, 278
483, 1394
416, 2419
465, 1942
443, 2685
72, 1676
343, 1685
281, 2341
217, 272
494, 2456
483, 2197
126, 2555
148, 72
29, 2425
357, 151
141, 2794
474, 1768
318, 200
372, 2845
161, 1461
298, 2336
168, 138
38, 137
354, 123
352, 47
494, 982
206, 67
249, 2922
343, 616
18, 2188
182, 1862
30, 380
282, 1814
246, 2574
44, 2799
453, 388
209, 183
122, 1050
435, 2589
198, 2722
315, 1947
362, 29
420, 762
418, 1674
483, 1229
258, 1361
219, 2743
222, 993
168, 1697
230, 2671
129, 2923
411, 40
291, 124
197, 2557
353, 821
446, 1157
194, 2711
200, 377
142, 1557
487, 2505
481, 92
134, 2548
20, 166
140, 1652
117, 14
291, 2008
232, 911
61, 915
465, 2413
295, 2018
34, 276
183, 2570
26, 2023
457, 2976
458, 2777
166, 2162
59, 1344
486, 2450
161, 1551
65, 611
357, 2586
164, 1084
27, 1877
6, 1698
338, 1845
370, 427
232, 2136
136, 428
110, 2504
384, 2891
357, 2074
410, 865
480, 1789
73, 1807
178, 2014
19, 713
487, 1096
67, 2936
219, 2777
486, 1026
219, 1672
370, 2404
109, 2883
393, 479
306, 2157
330, 920
35, 1307
475, 2530
393, 2752
280, 766
319, 2014
187, 818
75, 2509
126, 1960
464, 1857
1, 605
223, 2971
248, 90
87, 602
114, 1175
7, 1858
499, 27
160, 1850
153, 1425
229, 2779
86, 468
67, 2349
54, 1610
469, 1268
121, 903
65, 2431
31, 1585
178, 25
468, 2184
267, 64
63, 192
272, 1075
247, 2863
355, 1009
349, 1873
445, 2092
393, 2404
188, 661
367, 1061
354, 513
393, 1833
456, 1296
417, 864
365, 54
166, 1011
289, 2659
340, 1126
234, 1741
85, 1177
382, 173
97, 1632
79, 2879
295, 1475
485, 2370
454, 576
42, 2544
298, 1443
4, 1120
73, 2527
143, 1831
341, 2559
9, 405
230, 62
500, 707
221, 2116
260, 1370
315, 1073
362, 1742
416, 1340
433, 2938
291, 1493
192, 1542
444, 1105
324, 2515
389, 811
492, 2710
406, 7
35, 347
192, 2650
491, 2889
273, 901
420, 2843
250, 744
371, 1831
9, 1060
289, 1303
14, 441
176, 2885
178, 1318
462, 2796
140, 430
309, 2129
356, 1231
315, 2200
490, 2191
90, 2515
399, 1151
7, 862
274, 2681
305, 693
386, 1734
402, 1438
72, 1008
74, 436
337, 670
88, 368
86, 854
282, 1052
61, 332
380, 730
352, 2521
81, 2894
464, 2583
262, 77
395, 985
241, 645
287, 2967
258, 243
79, 2894
500, 1596
153, 1430
443, 2091
200, 638
429, 1233
170, 2954
164, 155
450, 1716
289, 397
415, 2657
383, 117
446, 2778
274, 514
263, 2202
350, 1146
373, 1384
423, 971
441, 2002
183, 1329
16, 297
1, 1846
242, 572
41, 2456
192, 141
317, 261
153, 1943
407, 1489
61, 2449
80, 8
19, 2420
494, 2751
245, 2424
165, 2524
430, 421
172, 2038
64, 2653
347, 1046
183, 1927
117, 1173
19, 2126
177, 1896
154, 152
394, 255
358, 1794
312, 2051
358, 1353
393, 1541
99, 547
441, 35
459, 252
386, 2069
470, 597
213, 2830
58, 14
438, 2766
101, 2476
334, 2076
137, 462
16, 2177
140, 737
317, 2152
13, 2820
401, 521
327, 285
128, 1284
489, 1226
297, 1867
352, 444
186, 73
330, 2926
341, 2990
420, 1363
468, 2924
287, 2573
145, 1828
303, 2898
252, 2217
84, 2177
409, 1023
50, 2539
177, 1548
184, 1100
445, 2548
121, 2712
267, 2043
148, 2362
430, 3
19, 2808
173, 189
368, 1067
153, 2172
327, 1794
200, 1333
262, 589
13, 1154
94, 2679
452, 2398
376, 2733
62, 1852
130, 1364
155, 2616
68, 175
482, 1494
362, 2029
68, 2801
299, 1769
27, 2268
56, 235
241, 2517
372, 2412
492, 544
25, 1607
310, 1703
384, 90
143, 830
233, 2244
63, 1260
190, 2232
242, 1318
349, 848
474, 1998
369, 2141
257, 1994
475, 2954
196, 2983
382, 1697
451, 947
318, 2245
62, 2281
105, 1223
482, 2575
487, 1924
466, 2668
101, 2538
101, 2366
433, 2251
297, 152
53, 2907
213, 120
158, 1836
128, 2302
488, 513
351, 448
269, 991
129, 1466
46, 710
145, 2107
173, 903
160, 155
105, 2097
354, 657
320, 12
381, 2217
29, 2926
268, 1635
447, 2667
362, 606
485, 679
382, 298
274, 2007
18, 558
244, 550
397, 1118
98, 1243
54, 2118
316, 1088
81, 1740
240, 765
36, 1063
347, 2387
411, 1310
13, 1093
293, 1292
417, 2080
441, 2687
137, 547
346, 999
127, 2737
235, 2228
414, 1475
40, 256
248, 547
121, 1819
72, 1252
357, 781
339, 1405
424, 1047
408, 1308
361, 1810
70, 2279
388, 1217
323, 749
92, 1579
202, 3
417, 2336
85, 2947
380, 1333
358, 303
236, 2618
76, 1907
469, 864
94, 2185
292, 96
232, 1086
319, 783
418, 2713
15, 781
219, 707
396, 1573
82, 1249
244, 2191
163, 223
364, 1929
229, 416
232, 2436
44, 2616
266, 1787
160, 1642
203, 2134
445, 485
10, 1676
425, 1001
302, 847
380, 2840
423, 2801
167, 423
496, 1813
49, 2139
176, 2728
386, 1169
186, 647
493, 574
444, 2866
469, 2589
73, 2269
468, 527
3, 2103
173, 1316
304, 563
436, 167
432, 1220
32, 1800
357, 2966
133, 2859
178, 575
425, 1270
299, 1509
481, 1552
421, 1225
488, 1973
394, 416
480, 326
121, 1907
308, 277
463, 260
174, 1318
419, 1241
182, 1769
262, 1541
409, 2827
69, 2585
361, 1309
413, 1058
234, 2036
244, 2444
446, 1903
413, 277
341, 80
440, 2700
126, 1313
282, 959
235, 2488
1, 2828
469, 1253
473, 1103
164, 184
494, 2675
243, 655
249, 2796
255, 293
282, 744
134, 2687
476, 1310
175, 199
73, 1838
497, 139
20, 1160
245, 953
182, 377
412, 2881
365, 1881
106, 1020
247, 439
238, 1738
131, 2685
284, 727
33, 1720
230, 2231
173, 1200
74, 1017
472, 1310
151, 2944
314, 1859
6, 900
104, 613
300, 2776
225, 324
351, 988
460, 1155
488, 706
334, 2234
433, 1278
125, 2265
487, 926
158, 2263
410, 1993
427, 303
116, 1916
457, 388
320, 1503
337, 2675
281, 815
26, 1711
64, 2324
372, 2371
227, 1346
432, 1663
438, 2877
101, 1573
272, 1246
433, 2750
64, 1307
332, 2686
166, 954
363, 1478
357, 2029
105, 1632
178, 2857
129, 2364
347, 2056
123, 2025
63, 1975
52, 1208
132, 1418
325, 2858
403, 2252
379, 746
74, 2194
227, 2165
310, 2079
33, 2502
344, 2602
383, 2014
320, 667
460, 1328
178, 2573
6, 923
306, 1708
337, 1569
213, 2480
218, 628
169, 2035
184, 2015
190, 260
479, 2474
75, 894
107, 2992
14, 1522
111, 2187
423, 1176
368, 1087
220, 2893
128, 1860
13, 2814
473, 1733
223, 755
499, 1189
437, 2127
433, 1977
359, 2052
288, 2713
387, 2763
173, 872
381, 2545
398, 1442
338, 605
153, 1013
49, 1893
1, 1864
363, 1393
258, 1057
93, 751
320, 1555
208, 2565
119, 396
301, 2742
471, 2180
415, 2859
411, 433
146, 707
211, 872
470, 2981
419, 2102
77, 66
98, 1556
290, 784
193, 2609
287, 80
258, 2977
174, 2433
177, 1139
376, 534
271, 2665
171, 1386
432, 320
410, 2292
359, 1375
387, 2053
162, 213
385, 158
15, 2691
483, 2359
374, 472
21, 970
340, 1235
35, 2894
498, 2467
53, 1232
8, 2867
466, 507
126, 497
416, 2344
85, 2333
120, 1601
121, 1343
47, 1591
362, 2697
26, 1747
137, 2724
460, 2177
379, 2206
134, 353
98, 1168
334, 608
347, 1038
469, 99
175, 1392
260, 731
29, 2174
198, 1252
18, 2120
373, 639
10, 1395
462, 2328
422, 607
66, 2713
154, 1829
483, 1509
112, 1686
421, 1914
48, 1591
19, 613
345, 1561
274, 1697
452, 2252
365, 1642
311, 1332
429, 1156
12, 1539
328, 1865
329, 734
413, 623
382, 356
460, 2599
490, 1153
69, 2026
97, 2737
102, 878
50, 231
430, 262
153, 2573
440, 672
290, 2438
1, 2816
246, 2311
363, 114
246, 1189
144, 221
498, 760
163, 66
70, 2892
70, 2676
365, 1688
223, 377
63, 1719
273, 1870
417, 2580
312, 2922
477, 2115
205, 2385
451, 739
172, 2864
225, 2247
415, 1496
374, 2251
413, 1771
341, 348
452, 1780
1, 1888
193, 1747
193, 2669
349, 1534
411, 1734
124, 1995
425, 2783
255, 1265
460, 1953
267, 1415
465, 1761
6, 1156
91, 1075
113, 798
252, 2725
131, 854
439, 214
414, 992
166, 1277
248, 2760
295, 397
133, 192
271, 406
248, 830
428, 1919
24, 2506
160, 1863
246, 2653
104, 1060
140, 1870
49, 699
248, 2414
158, 2501
227, 2803
195, 1874
169, 2849
46, 2087
279, 2700
285, 2979
369, 1403
436, 2976
206, 670
296, 1405
233, 2744
265, 2144
266, 1887
9, 2953
398, 168
47, 1577
303, 1176
59, 553
452, 2454
376, 1216
166, 1300
228, 2756
481, 115
407, 2929
458, 2974
155, 1999
229, 2023
331, 261
30, 1366
212, 1324
344, 2600
365, 1439
311, 852
112, 1262
493, 25
91, 2378
145, 1571
103, 2283
239, 732
397, 5
271, 2375
339, 2088
249, 2759
26, 1191
225, 2295
241, 1824
480, 643
321, 2690
467, 2275
189, 1661
61, 1359
125, 771
181, 2038
12, 701
146, 105
239, 472
254, 2924
481, 750
121, 2645
204, 2880
215, 1597
286, 2625
229, 331
194, 2550
411, 1968
461, 82
258, 2381
170, 2278
409, 1816
258, 1741
59, 1414
164, 310
487, 2770
37, 803
397, 2139
56, 574
459, 2956
126, 867
180, 1309
164, 1480
414, 2319
142, 2432
334, 1837
277, 95
218, 70
108, 2281
191, 166
341, 1652
85, 2348
107, 2779
