1970
742
1646
1772
303
692
1434
1
136
2723
2365
1350
75
1359
588
399
546
1824
2835
2993
2461
1689
2363
545
2355
789
1478
2550
2424
1169
171
2524
2200
57
1157
1582
890
1595
526
2207
904
2346
2728
1349
2522
224
364
115
2522
1260
316
98
1842
2676
642
2163
1185
2894
1204
1603
1349
2081
2023
2515
187
1635
1424
1339
106
510
1514
2779
821
2556
2457
1606
1046
2323
1757
1843
1656
1936
866
1409
2182
2060
204
1270
2703
2661
904
1348
922
2908
2238
785
2742
622
1235
2081
810
2513
2298
2386
676
141
1882
492
1797
28
2275
659
2097
63
2634
1498
364
1167
2197
2310
2272
1885
168
2612
19
774
533
2984
1862
1247
1561
1523
2152
137
403
2696
736
464
1497
1619
2346
2326
827
46
2680
1127
2256
146
2914
480
2175
2150
1353
2713
1694
2607
1197
1821
2246
1356
406
1226
2432
213
1143
2713
2528
96
2670
2651
2160
111
2376
1173
2424
1961
506
162
1688
1627
2571
2316
1168
547
2165
1863
1727
2521
2226
2114
2159
899
1563
250
2290
2475
2691
2541
270
2551
1410
1480
2379
964
2765
358
2494
2960
1987
1901
846
763
827
1246
1507
2785
2281
1641
1454
1911
1343
1523
2883
2439
1992
2197
2148
1025
1744
186
592
584
687
2453
952
287
2212
2956
233
1862
246
1029
781
2677
2838
899
508
707
2544
165
401
1603
496
963
1855
2276
642
638
2170
492
1777
1723
577
2528
1921
1860
2137
2850
1505
947
1454
1648
2511
1060
2722
1245
1999
2454
344
94
455
1381
2674
2587
1490
1903
2678
1151
2412
608
751
1142
2916
2045
1048
955
2837
674
435
2003
759
1944
2992
833
396
911
705
607
956
1163
394
854
233
2694
2542
874
1887
186
1404
1716
2027
1793
2272
1573
2580
1003
1878
1076
1911
2851
546
2413
2332
2855
1739
2375
574
2641
958
143
1808
2215
326
782
1107
988
176
1644
2516
280
1237
2799
1050
2795
865
956
173
849
1
2921
362
1043
690
244
1779
2066
403
756
2947
1872
636
1682
271
2973
840
1379
520
1491
1302
1661
270
734
582
1059
1222
2291
1630
839
3
2980
164
2235
979
726
702
1388
1248
383
133
2308
903
431
1960
2227
925
1970
1365
1768
973
374
602
1025
615
1648
1570
381
1995
1678
2683
2266
2722
1680
499
1113
1485
2791
2787
2426
1919
2554
460
956
877
634
2646
2749
1654
1457
8
307
2670
1451
921
2789
588
1872
1469
1473
867
1614
1595
2802
278
1351
2483
637
2925
1260
157
1528
1412
1366
2333
2192
682
2540
1442
910
2695
526
1405
14
1910
1477
2447
2723
2426
2357
2795
90
1277
1104
2371
353
2459
751
1367
2364
1462
1936
2976
1908
931
95
650
348
1057
2970
2016
1249
1114
678
881
861
177
2663
2816
2081
507
2384
1377
2877
1211
1951
1815
69
766
2284
1875
2065
1381
2702
1375
745
280
594
185
1467
343
2793
187
491
900
2308
855
125
1492
167
2663
618
1773
2311
2290
829
690
49
267
2089
225
1017
1132
249
1261
2004
2296
1715
2783
1306
1413
698
151
435
568
1078
2481
757
2155
1298
1939
1711
41
1666
2491
973
1395
2911
197
2505
715
2793
2665
170
2165
168
1707
372
1637
2406
652
1868
1083
2468
1734
1261
1195
880
2909
108
2337
2120
457
2780
1930
654
976
2055
1630
2407
680
1786
698
2833
914
492
1682
1081
1082
2083
235
2167
459
2467
2581
646
1888
2931
1920
2660
364
1309
2798
2650
739
1538
1670
1544
1794
2944
1785
1481
873
1818
997
1142
1937
1826
2607
2305
615
2453
2261
2304
96
2715
2210
428
904
697
738
774
2083
805
2949
741
2644
22
2433
502
1003
677
447
416
2513
1795
408
130
1080
793
1777
2684
1214
2782
2225
2367
728
761
1843
1098
2
1315
2582
690
604
207
2650
676
2001
1465
966
2234
1553
2425
1005
249
2486
2491
2006
923
244
2956
266
2381
1538
1770
2209
71
1117
1264
2629
1091
1979
1485
160
1972
2332
1760
1426
2860
2685
2202
1138
2322
2127
2072
957
951
284
2924
557
1315
1697
1287
1417
2561
1727
2397
770
716
1876
2428
2117
2060
2223
2090
2036
2088
1288
1083
1512
137
45
2284
2585
2761
601
687
1685
1359
2070
2747
2943
1232
2052
2991
2191
516
1314
755
1312
2730
49
378
1894
296
1481
2488
1870
2851
1650
653
280
511
588
83
2919
2843
434
2785
1641
2429
2849
2772
2209
2094
2999
1103
1882
497
863
1455
414
277
1009
646
1549
1508
333
1482
2657
1159
848
616
2734
1273
2607
858
1687
1717
1488
27
123
404
529
971
159
2903
1744
1324
2205
405
2201
1751
50
1881
758
1115
661
12
2728
51
314
26
2900
995
1847
108
2657
1879
950
2057
662
224
1945
1313
2369
916
324
1024
121
1752
1980
1604
2141
1005
102
2411
1253
2205
2
2811
2094
712
2669
1423
2548
2215
1910
843
383
1580
200
1237
2720
1964
2326
672
1933
1395
2198
2382
488
2970
2964
1465
326
47
1367
1078
2299
681
528
1502
1570
2797
742
1242
1226
90
2135
1123
789
2927
249
12
1586
2548
735
2516
2762
2875
2015
868
2647
1020
560
1281
2328
2223
1912
2262
530
1698
171
713
1833
2143
1545
2248
348
2072
1750
488
2318
1794
2165
482
2360
2003
790
2234
731
2218
2212
1598
1476
1034
2276
2015
2817
466
215
239
2200
2660
72
2479
2374
1864
2409
211
2612
188
1512
1669
566
274
1063
387
2678
2302
2577
950
781
162
248
2248
249
1760
1580
2553
674
1340
1006
2325
1935
1132
1018
933
22
2132
2131
561
2624
2130
1656
1943
1266
595
2820
1731
680
2656
2372
132
1684
2713
2529
2366
836
1436
2629
1304
2842
873
1250
444
2301
853
2270
2095
1284
2985
1107
1325
707
1559
2971
2050
1438
1353
1416
223
970
773
1017
1807
883
2129
1097
228
592
2263
2506
1555
2755
1077
1775
1057
36
1756
295
2976
509
1298
876
1307
1800
910
955
2522
2573
320
719
2801
944
2378
126
819
1783
1223
1893
1079
176
1663
2983
2516
2209
476
792
2991
1802
2732
2241
1973
276
2035
604
1023
1373
2716
1638
1874
1339
267
2732
2151
1590
859
574
878
179
1375
265
745
2554
1519
1145
1880
1825
1337
1963
2209
433
1273
504
850
974
551
1781
277
5
2244
2407
206
502
704
397
2612
1288
1714
470
1290
1715
2445
2209
1640
1377
1564
2475
1211
878
2026
2754
1837
2927
1640
2608
1322
2591
1044
2996
1385
1987
2130
2275
2724
1935
2530
556
2708
2098
2837
712
955
133
2237
2048
2007
609
169
2217
56
493
1817
346
431
1471
2252
310
458
1818
236
1149
1096
765
2035
621
958
2933
2124
309
667
2568
352
490
1638
2074
1843
1955
1682
2014
626
2087
324
2090
2836
775
1897
2204
1130
1069
790
2075
2268
1267
157
2406
2162
1905
504
2473
115
2350
2798
1439
1470
551
791
1393
315
1854
2806
2163
1188
1426
2010
1952
2933
2380
1904
380
2981
1562
2849
2255
232
1716
876
1842
171
2675
2280
378
468
625
2263
233
611
1524
2714
2123
1216
109
2861
1270
2946
2533
1967
1699
2449
326
1769
1954
1802
2927
1104
330
2685
2818
2033
2789
1419
1840
1528
257
1841
2692
68
2971
2596
2956
914
1903
376
1819
2093
874
2361
2796
1671
1120
141
2649
591
2170
2180
2634
967
31
1028
1818
2080
1211
2998
2066
700
1093
791
337
2088
826
1508
51
508
943
1237
2973
417
1891
388
283
1606
1779
2299
1913
2334
2983
1295
726
2865
2930
2172
1903
749
96
2046
376
385
216
482
1244
2903
2432
2407
885
1060
1263
2581
1967
61
2109
1200
623
2015
759
2152
42
1338
2831
2384
1224
131
577
296
2807
2949
1904
810
747
2515
2030
182
2931
2845
442
474
1799
925
2724
1138
37
885
212
319
443
2790
1889
679
1111
423
717
1954
371
784
397
1540
2636
602
1087
315
2161
2918
900
679
1776
2678
493
2816
196
1572
73
1689
1003
893
1380
128
1932
377
324
1078
2078
1242
517
2649
571
1022
1364
1379
2283
1242
1577
855
709
1445
1365
2832
272
1847
1763
2246
1000
1460
1683
1126
276
1425
993
2244
604
402
1389
1752
2296
1997
2603
2514
1636
1119
242
291
248
2600
290
442
2955
205
1582
2287
663
1523
